115 193 1
186 145 7
123 67 2
135 77 233
96 145 51
136 13 1
41 151 1
102 145 11
143 145 24
39 151 17
121 145 34
95 145 8
123 145 331
84 77 3
136 3890 1
19 151 1
47 145 11
46 313 5
42 145 1
155 174 2
187 77 9
183 277 1
142 136 91
103 136 5
118 174 1
85 151 10
154 174 8
39 86 1
134 390 1
146 151 11
96 106 3
125 1759 1
71 483 1
59 145 2
102 106 3
147 151 33
0 87 1
115 2940 1
115 77 3
123 137 2
143 137 1
52 483 1
170 151 1
121 66 2
96 256 195
111 193 1
153 344 1
36 151 3
84 6349 1
155 151 10
102 66 1
27 151 3
138 174 1
140 344 2
102 256 4
85 174 1
123 256 7
35 145 1
132 279 1
167 151 8
88 151 1
181 231 1
96 304 251
116 344 1
136 193 22
44 151 1
123 304 2
104 193 1
131 2940 1
102 304 14
143 304 1
22 145 1
116 193 1
125 344 1
136 344 1
83 74 1
174 151 1
98 145 4
104 344 3
142 383 2
103 383 1
193 136 1
12 304 1
123 90 1
173 151 1
161 151 6
66 151 2
172 145 1
95 2291 1
140 1695 1
159 151 5
158 151 3
140 136 1
83 151 18
191 151 27
93 5795 1
91 344 1
51 151 4
45 2967 1
46 383 1
134 2846 1
36 297 2
166 151 3
83 1737 1
14 145 1
115 50 1
26 231 1
107 174 1
150 145 5
151 145 1
29 281 1
38 77 11
168 174 2
183 136 2
104 136 1
68 169 4
48 151 8
83 86 1
75 151 9
186 200 1
48 279 2
25 145 67
90 136 2
86 151 2
1 1087 1
143 177 2
21 151 2
132 181 1
5 151 10
29 151 3
104 50 3
123 192 1
116 50 1
165 145 1
103 344 1
140 8250 1
13 145 52
30 145 3
186 428 1
57 136 1
81 151 13
144 151 6
85 125 1
113 344 1
180 231 1
188 4685 1
96 1021 2
153 50 1
16 145 1
142 313 5
49 151 26
80 136 2
137 169 1
1 383 1
162 169 1
46 136 60
168 151 9
177 8395 1
91 390 1
194 151 29
123 155 3
94 174 2
96 336 1
188 50 1
164 169 2
39 297 2
193 118 2
155 50 1
91 856 1
38 88 7
105 174 3
128 297 6
129 118 1
6 5533 1
3 151 21
93 181 1
175 25 1
135 25 2
134 118 1
32 151 20
31 151 6
98 194 2
38 151 36
140 118 111
135 118 5
96 833 1
192 151 18
98 169 1
73 165 3
1 118 1
101 174 8
37 151 17
25 372 1
84 118 1
74 151 7
96 210 27
104 353 1
112 174 1
157 174 1
74 1737 1
71 118 2
136 353 1
129 11337 1
125 353 1
104 118 2
110 174 1
152 151 4
180 151 76
104 181 1
124 297 1
26 174 2
142 151 1
4 151 4
126 297 4
48 270 1
90 118 29
184 279 1
175 297 1
91 2639 1
1 297 2
87 151 1
182 183 1
148 183 2
193 23 1
123 109 2
128 25 1
134 74 14
116 2289 1
135 297 1
140 297 1
169 151 1
141 145 2
184 151 134
148 23 3
136 127 1
188 183 2
109 174 1
64 151 2
73 148 65
175 183 6
181 183 2
134 297 5
148 297 1
131 297 1
183 148 1
125 148 321
59 169 4
74 174 1
106 297 1
129 297 3
177 148 14
190 151 10
136 297 5
126 118 1
47 169 2
122 136 2
106 148 7
95 169 84
34 183 1
123 169 127
178 297 1
96 194 1
2 151 33
96 170 42
121 169 66
102 169 207
143 169 1
186 169 1
96 169 107
123 194 3
108 174 3
157 151 7
104 297 1
121 194 1
161 344 1
152 174 1
110 151 1
89 151 4
79 151 4
177 183 1
91 279 1
145 183 2
103 174 37
140 2289 1
183 183 8
26 151 30
91 151 2
114 2289 1
177 23 2
71 151 25
80 174 1
116 151 1
97 145 1
58 145 1
163 151 15
34 151 20
6 151 21
35 296 1
26 297 2
91 297 2
1 2639 1
120 169 8
183 88 1
126 174 3
145 151 232
1 86 1
177 151 75
143 2946 1
125 187 4
90 856 3
136 151 1
91 212 3
171 151 1
103 118 1
28 145 2
84 86 1
178 151 88
183 151 427
117 169 1
73 151 3
78 151 11
82 86 1
84 88 6
148 151 124
0 10611 1
182 151 59
109 118 1
131 151 1
10 151 1
29 901 1
187 279 1
185 151 22
129 151 1
188 151 154
15 145 2
100 174 1
193 151 181
47 372 673
99 174 2
187 151 294
184 183 3
90 174 1
48 9798 1
1 151 159
57 174 2
177 86 1
176 151 19
153 151 7
115 174 4
84 151 15
135 279 1
181 151 150
140 279 1
43 174 1
175 151 376
187 88 142
96 232 1
114 151 2
85 9779 1
82 151 2
52 174 3
175 279 1
28 636 1
135 856 2
96 306 10
186 306 2
77 279 1
123 1702 1
140 856 27
150 169 4
33 151 8
71 174 4
80 151 34
123 139 1
116 174 11
163 174 1
123 306 115
77 151 2
7 151 3
143 306 2
150 194 1
91 25 1
55 151 2
121 306 1
136 174 21
181 281 1
180 183 1
125 174 19
25 169 2
84 281 1
93 856 1
193 856 1
62 151 1
26 118 1
131 408 1
193 2847 1
130 297 1
79 118 1
46 151 1
175 39 1
73 174 1
68 145 5
104 174 25
143 207 1
90 279 1
111 174 7
179 151 111
34 281 1
134 174 5
135 4697 1
172 169 1
143 303 1
53 151 1
148 174 1
131 174 5
10 174 1
80 86 1
186 303 4
187 174 1
99 151 1
90 151 12
85 193 2
135 382 2
123 150 2
106 174 8
129 174 30
84 4697 1
193 174 1
93 174 1
0 911 1
121 62 1
136 281 1
43 151 13
149 169 1
175 174 2
57 151 2
1 174 2
72 145 1
153 174 12
135 174 30
140 174 22
52 151 12
37 74 1
128 279 1
114 174 1
8 194 1
54 174 1
174 145 7
183 303 5
1 306 2
145 150 1
177 150 1
193 296 1
136 150 1
175 306 8
125 150 1
37 169 3
135 1702 1
74 169 2
123 856 2
135 48 16
177 303 1
145 303 1
114 306 2
140 306 12
178 303 1
46 372 11
139 306 1
148 296 1
135 306 3
123 408 1
131 306 9
116 150 1
148 306 2
109 169 42
134 306 12
111 306 1
185 306 1
167 145 1
187 48 2
32 169 2
132 67 1
103 625 1
113 194 1
131 48 1
175 296 1
1 161 1
193 306 1
129 306 12
119 145 7
188 306 3
154 145 15
0 1671 1
187 306 1
113 169 11
132 145 21
155 145 11
103 169 160
115 372 1
61 66 1
136 306 29
125 306 8
11 145 1
0 243 1
183 306 2
1 303 2
35 151 6
104 306 4
134 62 1
176 303 1
163 296 1
136 1702 1
78 306 1
152 169 5
39 256 1
175 303 5
140 150 1
1 207 1
189 151 13
39 5087 1
4 194 1
116 306 3
193 303 1
108 169 20
187 207 1
131 150 1
71 306 4
130 169 3
187 303 2
134 150 1
96 174 48
34 306 1
92 145 1
121 174 3
129 150 1
108 194 2
143 174 2
182 303 2
102 174 38
138 256 1
193 150 1
122 145 15
187 150 1
145 296 1
123 174 69
95 174 21
40 151 2
101 169 19
54 151 2
146 145 2
174 137 6
128 306 7
98 174 1
52 306 1
167 137 3
177 172 1
125 172 51
52 296 1
64 169 4
174 287 1
126 150 1
73 172 8
160 151 4
154 137 3
105 169 7
115 296 1
34 1983 1
91 169 2
63 169 1
26 169 3
42 151 5
128 150 1
110 169 8
138 145 12
79 169 1
143 88 2
85 145 12
124 306 2
179 150 1
96 151 1
186 151 240
112 194 3
85 1720 1
157 169 4
122 137 5
179 303 3
47 151 3
126 306 19
123 151 2
112 169 8
77 306 2
39 145 8
143 151 93
104 169 159
60 151 1
192 303 1
183 169 22
168 145 3
90 833 8
125 194 3
73 169 4
136 194 2
96 297 2
78 169 12
48 137 1
104 194 2
67 145 1
145 169 1
125 169 30
136 169 41
178 169 3
123 297 30
194 145 1
171 169 1
156 151 1
70 169 2
123 869 1
6 170 1
12 151 2
116 194 3
181 5568 1
186 183 1
93 109 1
71 169 16
49 145 1
143 183 1
93 447 1
163 169 13
107 145 5
108 306 1
116 169 107
6 169 2
9 151 1
130 306 6
1 194 1
114 169 47
135 169 47
82 169 2
139 169 2
65 145 1
140 169 84
83 137 1
52 210 2
81 145 1
114 194 2
153 169 49
180 303 1
84 169 6
30 151 6
13 151 9
74 306 2
175 169 13
181 169 5
140 194 2
188 169 5
129 169 88
187 135 2
193 169 3
93 169 4
187 169 2
148 170 1
106 169 119
111 194 1
148 169 2
129 194 1
93 194 1
29 145 1
131 169 22
10 169 1
5 145 11
83 66 1
130 150 1
32 306 1
106 194 5
185 169 1
111 169 59
134 169 16
46 169 3
79 306 1
102 57 1
48 145 3
94 145 8
25 151 5
48 67 1
26 306 5
62 169 2
91 306 4
67 137 5
77 169 1
123 118 3
184 303 1
126 169 10
7 169 1
80 194 1
140 833 57
123 181 1
166 145 1
55 169 21
121 118 2
96 118 3
124 169 1
7 194 1
49 137 1
80 169 4
150 151 6
107 137 1
52 169 10
83 145 9
159 145 1
133 306 3
142 372 115
13 174 3
115 169 34
149 151 1
43 169 1
52 170 7
143 267 1
57 169 12
51 145 1
128 169 2
90 169 4
99 169 8
148 210 1
47 348 1
96 5533 1
100 169 2
56 145 1
179 169 2
53 169 1
172 151 5
66 145 4
29 137 1
1 9785 1
161 145 3
85 169 7
91 67 5
79 145 7
110 145 6
48 306 2
39 19 1
91 145 60
26 145 4
79 67 2
138 194 1
129 361 1
103 137 1
180 256 1
129 177 1
39 169 2
2 145 1
112 145 2
157 145 2
175 1021 1
131 155 2
18 151 1
109 66 1
147 169 2
133 145 29
96 50 1
83 306 1
38 137 42
140 1021 8
31 256 1
129 155 1
123 50 2
28 148 6
101 145 1
105 145 3
50 151 1
113 137 1
47 383 19
135 155 1
1 5776 1
180 145 3
96 6991 1
137 181 1
103 145 28
118 169 1
91 137 1
155 169 17
123 136 1
47 136 920
122 169 10
134 55 1
102 136 1
124 1021 1
37 1988 1
110 66 1
130 145 63
129 2291 1
108 145 6
38 145 2
74 145 1
37 145 9
1 2854 2
91 304 1
187 3294 1
174 169 1
104 2291 1
113 145 13
132 169 4
3 145 3
20 145 3
119 169 2
154 169 10
31 145 2
132 194 1
23 151 1
124 177 1
109 145 11
29 306 1
90 1021 1
128 145 28
72 151 1
51 169 4
57 145 3
166 5568 1
125 304 3
175 137 1
43 145 2
136 304 4
84 137 129
148 256 2
115 145 11
106 66 1
103 2859 3
183 304 1
159 169 4
52 145 6
102 193 2
83 169 2
140 137 1
188 5087 1
158 169 3
135 137 1036
134 66 16
66 169 1
131 137 9
161 169 3
69 169 1
114 66 1
6 304 2
76 151 1
24 169 1
56 169 2
96 344 3
179 145 1
79 273 1
99 67 1
93 137 3
100 145 3
129 137 1
95 344 1
106 137 2
179 67 1
123 344 1
90 145 3
99 145 11
187 137 61
147 303 1
127 145 1
6 256 12
134 2725 1
94 169 1
136 137 1
116 66 1
103 1021 1
68 151 2
137 174 1
47 313 2
123 231 1
46 145 7
138 306 1
148 304 3
136 256 2
80 145 41
71 137 2
131 304 10
124 145 14
17 145 1
41 306 1
85 296 1
34 137 1
166 169 5
55 145 3
39 306 1
1 123 1
126 145 28
52 106 1
77 145 3
139 67 1
175 145 25
181 145 4
135 67 3
28 86 1
84 145 6
115 137 74
153 145 1
91 177 1
1 145 47
65 169 1
139 145 10
140 145 174
96 352 1
82 145 2
135 145 97
114 145 47
71 9788 1
185 145 1
111 145 51
134 145 213
128 256 1
187 67 2
80 304 2
93 67 1
131 145 255
182 145 2
148 145 4
45 177 1
133 155 1
106 145 39
115 66 1
91 361 1
134 67 3
187 145 4
193 145 8
57 66 1
93 145 55
52 256 1
26 35 1
131 67 1
188 145 6
129 145 66
25 136 1
178 145 2
28 151 7
171 145 2
125 145 87
136 145 160
67 169 2
177 145 12
145 145 8
127 137 7
128 304 1
78 145 6
106 106 1
52 304 27
73 145 15
162 151 2
136 67 1
183 145 14
188 1988 1
168 169 7
104 145 44
1 636 1
6 145 4
0 3067 1
34 145 4
163 145 4
107 169 20
116 145 51
80 137 1
71 145 19
134 814 1
70 145 2
