257 16 -7.46851348876953100000
1 0 -2.19722461700439450000
57 206 -1.25276291370391850000
21 305 -2.67414855957031250000
1310 11364 -5.42934560775756800000
95 99 -3.68887948989868160000
130 5472 -4.86739969253540000000
124 2686 -4.26969766616821300000
313 3995 -7.12084865570068400000
174 9143 -5.24094820022583000000
323 322 0.00000000000000000000
2420 11494 -5.33030033111572300000
18 2771 -3.47031760215759280000
210 107 -3.18665504455566400000
6449 6448 -7.91411542892456050000
248 9520 -1.94591009616851800000
133 676 -3.97968173027038570000
68 140 -5.68527889251709000000
3 305 -0.50509494543075560000
1021 4807 -7.96797323226928700000
34 33 -0.28768208622932434000
364 3622 -6.46614456176757800000
894 10559 -11.23078155517578100000
5964 8802 -7.46879863739013700000
1667 1635 -5.75098419189453100000
282 16 -6.08221912384033200000
74 140 -3.20037245750427250000
82 2655 -6.89162588119506800000
9828 515 -0.00000000000000000000
61 8226 -4.84024238586425800000
93 5070 -1.60943794250488280000
288 16 -7.46851348876953100000
131 4938 -6.58167886734008800000
830 9134 -8.51809310913086000000
300 2176 -4.67749071121215800000
127 140 -6.78389120101928700000
100 338 0.00000000000000000000
3 8397 -1.38629436492919920000
106 6611 -3.82319188117980960000
696 8808 -5.38935708999633800000
12 5691 -7.13847017288208000000
2321 2320 -5.90399837493896500000
392 3964 -0.81093019247055050000
13 10627 -5.31566619873046900000
1720 3885 -0.70774596929550170000
100 99 -1.89711999893188480000
149 9048 -7.67490768432617200000
711 710 -3.30636334419250500000
174 9110 -2.87167954444885250000
515 5992 -9.51337909698486300000
16 8739 -3.66356158256530760000
11900 76 -0.00000000000000000000
28 8529 -2.60268974304199200000
212 8203 -1.44947326183319100000
30 99 -2.30258512496948240000
711 8839 -5.52288866043090800000
131 12616 -6.89669418334960900000
277 115 -7.32966756820678700000
860 3545 -6.05091190338134800000
205 3917 -6.00604534149169900000
711 5233 -7.74469375610351600000
131 9827 -6.14142274856567400000
1258 7907 -7.08380699157714800000
16 8152 -9.34910202026367200000
5841 9507 -9.16977882385253900000
2184 2196 -5.37063789367675800000
345 16 -7.46851348876953100000
147 346 -0.69314718246459960000
55 140 -4.21894216537475600000
187 107 -4.54885196685791000000
134 1904 -5.59471130371093750000
1692 8233 -4.84024238586425800000
96 8498 -3.80666255950927730000
63 99 -3.68887948989868160000
148 10099 -7.18493223190307600000
814 9165 -6.64629077911376950000
62 140 -3.28738379478454600000
42 11351 -5.42934560775756800000
625 611 -4.84112024307251000000
304 115 -2.36014389991760250000
299 7040 -5.99831581115722700000
195 618 -4.84112024307251000000
8399 405 -0.00000000000000000000
8670 3506 -0.00000000000000000000
193 1121 -8.01421356201171900000
1299 11543 -6.02344751358032200000
88 10008 -7.68186759948730500000
114 0 -2.19722461700439450000
1041 6848 -2.02814817428588870000
46 99 -2.30258512496948240000
281 82 -4.69557332992553700000
140 6030 -1.60943794250488280000
41 1974 -7.69005727767944300000
2728 10601 -4.13516664505004900000
127 11895 -8.41360855102539000000
9 8 -0.28768208622932434000
2420 11067 -7.05832815170288100000
174 12135 -4.44355583190918000000
260 5535 -3.61091780662536600000
22 2374 -5.90399837493896500000
711 1338 -6.63869857788085900000
65 2647 -6.19847869873046900000
9809 9724 -5.91754913330078100000
137 5511 -9.60359764099121100000
331 330 -8.79437065124511700000
1702 1701 -4.16666507720947300000
205 5103 -3.19867300987243650000
351 1966 -8.78866958618164000000
9669 9668 -5.91754865646362300000
12 8028 -7.26052236557006800000
3067 3071 -5.24965238571167000000
44 5550 -8.99918746948242200000
157 10573 -4.18965482711792000000
1990 252 -0.00000000000000000000
194 140 -4.43251609802246100000
2232 11183 -5.64721202850341800000
145 5480 -8.91045093536377000000
248 3847 -2.53897380828857400000
1272 6524 -1.94591009616851800000
1046 1230 -10.26550579071045000000
163 3042 -4.74057483673095700000
3890 9062 -7.13628435134887700000
140 3528 -6.12029743194580100000
281 10651 -4.86753463745117200000
131 3367 -3.36729574203491200000
15 3520 -6.12029743194580100000
83 5985 -3.63844823837280270000
74 11837 -8.41360855102539000000
5905 104 -0.00000000000000000000
165 6701 -6.23832464218139650000
1021 5435 -8.99745655059814500000
359 568 -5.93973255157470700000
36 8 -1.79175949096679690000
36 2779 -7.49209165573120100000
114 346 -0.69314718246459960000
696 8466 -5.43372201919555700000
1258 7476 -9.15138626098632800000
576 3614 -6.46614456176757800000
9785 9730 -5.22440147399902300000
169 9291 -5.32544612884521500000
8772 470 -0.00000000000000000000
30 8061 -2.67414855957031250000
108 107 -7.59337425231933600000
169 12748 -8.50613212585449200000
9255 12163 -7.00850534439086900000
7913 302 -0.00000000000000000000
9762 9693 -5.91754865646362300000
329 5535 -3.61091780662536600000
163 816 -4.37260723114013700000
1667 6579 -6.58755016326904300000
145 7338 -7.54194831848144500000
11 5612 -7.22838830947876000000
50 1951 -8.09552288055420000000
131 3878 -4.88280200958251950000
133 99 -2.59026718139648440000
450 8444 -7.91141557693481450000
205 305 -1.86321842670440670000
5603 11589 -2.19722461700439450000
88 9586 -6.22455835342407200000
711 11054 -3.61630868911743160000
260 7921 -5.26785802841186500000
2143 5757 -0.51082563400268550000
140 99 -1.04982209205627440000
3 8630 -9.97513389587402300000
44 6998 -9.02352905273437500000
83 5683 -6.44532299041748050000
205 2589 -5.68866872787475600000
392 9818 -0.69314718246459960000
10658 416 -0.00000000000000000000
833 5184 -5.64746427536010700000
122 7214 -6.58306360244751000000
6302 6301 -7.69097185134887700000
11620 186 -0.00000000000000000000
266 5807 -7.04359626770019500000
1299 5292 -6.22486782073974600000
281 2662 -5.09986639022827150000
8265 8264 -7.71356105804443400000
174 140 -0.69939190149307250000
83 11293 -1.93144047260284420000
137 9011 -9.75434970855712900000
696 8184 -3.98898410797119140000
1299 7807 -7.08380699157714800000
209 5898 -7.73674345016479500000
40 8537 -2.19722461700439450000
30 5823 -4.76632928848266600000
248 9621 -1.76578402519226070000
207 206 -1.94591009616851800000
228 305 -2.67414855957031250000
39 49 -4.86174869537353500000
365 371 -1.60943794250488280000
57 12184 -0.69314718246459960000
96 396 0.00000000000000000000
17 16 -7.46851348876953100000
122 6783 -5.14749431610107400000
248 4839 -4.41262531280517600000
145 24 -2.58589553833007800000
2429 8834 -7.46879863739013700000
35 49 -4.86174869537353500000
151 24 -3.91216921806335450000
347 9213 -7.82494544982910200000
32 5828 -7.73674345016479500000
145 1997 -8.69637107849121100000
283 0 -0.58778667449951170000
88 3816 -7.34697771072387700000
231 363 -1.79175949096679690000
6438 6432 -7.69097185134887700000
90 5976 -6.68016576766967800000
266 305 -2.26868343353271500000
156 24 -9.38967800140380900000
47 6529 -1.38629436492919920000
299 5271 -8.30430889129638700000
145 9299 -0.00000000000000000000
145 3569 -2.53142666816711430000
154 3715 -0.95551145076751710000
122 7942 -4.57471084594726600000
1272 3713 -0.77318990230560300000
1693 1692 -0.00000000000000000000
137 24 -2.55961441993713400000
136 24 -3.87222552299499500000
269 0 -1.50407743453979500000
3824 3823 -3.97029185295105000000
177 24 -2.63594865798950200000
307 4797 -7.96797323226928700000
295 684 -3.97968173027038570000
180 247 -0.13353139162063600000
360 140 -6.78389120101928700000
241 7015 -9.02352905273437500000
30 669 -3.97968173027038570000
59 16 -5.38907194137573200000
83 82 -7.95366954803466800000
8248 157 -0.00000000000000000000
27 10620 -3.31418609619140620000
1940 1948 -0.00000000000000000000
5 3653 -2.97041440010070800000
8016 418 -0.00000000000000000000
169 24 -6.23267793655395500000
116 115 -8.71596240997314500000
100 735 -4.20303297042846700000
901 3730 -7.34697771072387700000
64 6626 -3.31236624717712400000
248 8405 -2.97892522811889650000
248 8066 -4.78997564315795900000
116 6957 -6.34651327133178700000
22 2720 -4.96284484863281250000
12131 163 -0.00000000000000000000
205 2763 -6.67013263702392600000
9521 4527 -0.00000000000000000000
711 2422 -7.03152036666870100000
148 330 -3.08063745498657230000
262 99 -1.74296927452087400000
134 9473 -9.16977882385253900000
71 16 -6.08221912384033200000
405 6825 -4.45434713363647500000
145 9843 -4.60609292984008800000
198 24 -10.08282566070556600000
196 24 -8.00338363647461000000
2889 2989 -5.41853666305542000000
18 11638 -1.09861230850219730000
11152 70 -0.00000000000000000000
193 24 -10.08282566070556600000
1087 1412 -7.84267139434814450000
228 5906 -0.76617228984832760000
856 9381 -1.38629436492919920000
16 1269 -2.70805025100708000000
182 568 -7.03834486007690400000
40 1958 -8.78866958618164000000
430 132 -0.00000000000000000000
296 140 -5.17445325851440400000
595 594 -7.03834486007690400000
814 817 -5.06575441360473600000
10567 3945 -0.00000000000000000000
5015 536 -0.00000000000000000000
157 1726 -3.23454189300537100000
152 11092 -7.75147533416748050000
1652 9198 -3.45549774169921880000
7527 30 -0.00000000000000000000
2627 2626 -0.00000000000000000000
30 9462 -9.16977882385253900000
423 3458 -8.82136344909668000000
4976 4978 -0.00000000000000000000
4002 341 -0.00000000000000000000
21 8273 -4.26969766616821300000
151 11393 -5.93489408493042000000
228 3515 -6.12029743194580100000
154 16 -5.16592836380004900000
25 24 -9.38967800140380900000
86 5111 -1.01336157321929930000
672 10945 -10.17069816589355500000
249 5704 -3.09989643096923830000
61 9373 -2.14006614685058600000
7769 2681 -0.00000000000000000000
104 3507 -3.25809645652771000000
248 3863 -1.79175949096679690000
4427 6634 -5.61495113372802700000
5841 10781 -10.98162841796875000000
139 16 -4.63530015945434600000
266 10666 -10.57616424560546900000
4685 4244 -11.22309494018554700000
336 107 -7.59337425231933600000
140 8653 -9.97513389587402300000
177 49 -2.45255374908447270000
402 610 -5.16654253005981450000
228 8513 -3.93182563781738300000
137 49 -4.63860511779785200000
136 49 -4.86174869537353500000
262 10596 -3.59731221199035640000
542 8218 -4.84024238586425800000
137 10620 -1.29928302764892580000
248 1290 -0.20067068934440613000
8549 9 -0.00000000000000000000
10614 1666 -0.00000000000000000000
1258 8860 -7.46879863739013700000
3159 7969 -5.26785802841186500000
137 11071 -6.36518096923828100000
299 8776 -6.77565145492553700000
151 6684 -2.89037179946899400000
289 8 -2.48490667343139650000
151 49 -3.85014748573303220000
35 24 -5.08899736404418950000
145 49 -5.14943075180053700000
137 9365 -2.48490667343139650000
39 24 -6.55646514892578100000
1416 2140 -9.79498291015625000000
248 11498 -5.10715675354003900000
319 6792 -5.14749431610107400000
88 24 -6.71552944183349600000
2189 2188 -4.96517276763916000000
248 3383 -3.36729574203491200000
887 3552 -6.05091190338134800000
214 16 -3.70731306076049800000
636 602 -7.03834486007690400000
9063 793 -0.00000000000000000000
5971 89 -0.00000000000000000000
364 5029 -3.77849149703979500000
9804 9746 -3.20949864387512200000
109 1757 -3.85014748573303220000
69 24 -8.47338771820068400000
6940 21 -0.00000000000000000000
2420 3843 -3.63758611679077150000
66 24 -6.17080259323120100000
67 24 -8.69653129577636700000
1983 3333 -6.07073783874511700000
185 11133 -5.61130142211914100000
122 247 -2.07944154739379900000
180 11335 -4.73619842529296900000
5549 18 -0.00000000000000000000
1272 1271 -0.76214003562927250000
82 8045 -7.95366954803466800000
1087 6143 -4.95292663574218750000
1272 1716 -2.48490667343139650000
252 1780 -9.70271682739257800000
365 6693 -3.97029185295105000000
111 24 -8.98421287536621100000
2632 2634 -0.00000000000000000000
4704 230 -0.00000000000000000000
248 11249 -1.60943794250488280000
1041 5937 -2.22783589363098140000
696 8956 -9.75434970855712900000
10089 10088 -0.00000000000000000000
345 11155 -3.85721468925476070000
300 3304 -6.07073783874511700000
37 3010 -4.66814517974853500000
3470 263 -0.00000000000000000000
180 11209 -4.95406484603881800000
313 10621 -5.31566619873046900000
203 7030 -7.92491626739501950000
696 2167 -7.03174114227294900000
3891 3962 -0.00000000000000000000
113 5365 -8.99745655059814500000
558 579 -7.03834486007690400000
131 5473 -8.91045093536377000000
296 9339 -6.78389120101928700000
185 40 -6.05091190338134800000
800 5947 -2.19722461700439450000
1272 1742 -2.39789533615112300000
145 10238 -11.23078155517578100000
128 40 -2.13888907432556150000
139 6519 -3.73766970634460450000
5774 5772 -4.92725372314453100000
145 9356 -1.38629436492919920000
6424 6383 -7.40328979492187500000
88 5721 -6.24804306030273400000
6447 6350 -6.99782466888427700000
2233 102 -0.00000000000000000000
405 6677 -6.07189178466796900000
369 157 -7.71356105804443400000
172 230 -2.61667585372924800000
170 230 -6.87935590744018550000
9616 9615 -0.00000000000000000000
1258 4937 -7.27482604980468750000
2837 2973 -7.52267074584960900000
6752 6771 -5.14749431610107400000
203 2778 -8.40838241577148400000
248 2406 -5.85286521911621100000
11583 241 -0.00000000000000000000
227 11871 -7.72046184539794900000
8053 319 -0.00000000000000000000
21 1307 -2.19722461700439450000
3969 117 -0.00000000000000000000
9244 9227 -8.51809310913086000000
5693 253 -0.00000000000000000000
20 3606 -5.77299737930297850000
42 6643 -6.76503896713256800000
278 157 -4.26357364654541000000
1629 11136 -4.91815423965454100000
381 3079 -5.24965238571167000000
1623 11119 -5.61130142211914100000
165 164 -6.23832464218139650000
274 157 -7.71356105804443400000
5012 5745 -3.71357202529907230000
269 7041 -5.99831581115722700000
83 479 -9.02809906005859400000
42 5783 -4.92725372314453100000
80 2588 -4.99552154541015600000
169 3250 -7.83794879913330100000
145 11598 -1.38629436492919920000
299 3242 -7.83794879913330100000
392 3631 -3.03655433654785160000
151 5713 -5.55489587783813500000
1273 1262 -2.70805025100708000000
711 4789 -3.61091780662536600000
147 5411 -8.99745655059814500000
311 5118 -7.09672117233276400000
267 4269 -11.22309398651123000000
137 1600 -3.96398282051086430000
248 8507 -0.00000000000000000000
2208 3293 -6.07073783874511700000
207 7757 -1.09861230850219730000
11166 11159 -4.95582723617553700000
170 11441 -5.93489408493042000000
10649 1629 -0.00000000000000000000
288 11155 -3.85721468925476070000
856 6866 -9.29660987854003900000
24 2704 -3.35340666770935060000
11828 224 -0.00000000000000000000
145 1330 -6.86184215545654300000
231 230 -4.68213129043579100000
41 40 -4.44147396087646500000
136 11317 -0.00000000000000000000
43 199 -0.69314718246459960000
42 199 -0.69314718246459960000
205 10845 -7.53164148330688500000
82 436 -7.64180421829223600000
6512 5212 -0.00000000000000000000
145 5930 -4.05596303939819300000
102 5411 -8.99745655059814500000
90 8746 -5.07829380035400400000
281 11458 -4.50031471252441400000
185 10626 -4.62251901626586900000
237 5572 -8.99918746948242200000
348 149 -6.06378507614135700000
222 141 -4.23410654067993200000
244 2687 -4.96284484863281250000
4697 4649 -11.22309398651123000000
358 6809 -5.14749431610107400000
88 1015 -10.26550579071045000000
140 238 0.00000000000000000000
383 9232 -7.13179826736450200000
696 6850 -2.94443893432617200000
5605 205 -0.00000000000000000000
88 7570 -10.92017555236816400000
194 1641 -5.05783700942993200000
9779 9663 -3.83810734748840330000
205 1307 -2.19722461700439450000
696 6495 -6.04381990432739300000
135 2193 -6.06378507614135700000
137 6851 -2.94443893432617200000
50 40 -5.35776472091674800000
696 2036 -9.79498291015625000000
47 10207 -0.83034831285476680000
137 8701 -6.04737234115600600000
127 9204 -9.21123981475830000000
5068 371 -0.00000000000000000000
75 9795 -5.91754865646362300000
150 6527 -1.38629436492919920000
2715 6623 -5.61495113372802700000
696 11514 -6.71659469604492200000
248 9834 -7.39418554306030300000
243 141 -1.16605353355407710000
2345 6836 -6.82147073745727500000
76 75 -0.06252035498619080000
300 5534 -3.61091780662536600000
57 1260 -1.60943794250488280000
855 3987 -7.12084865570068400000
142 141 -4.23410654067993200000
595 3019 -4.26268005371093750000
76 11325 -6.12249279022216800000
168 6023 -10.61199092864990200000
288 1616 -2.44234704971313480000
137 4831 -3.53122162818908700000
1041 6212 -3.09996271133422850000
4698 4682 -11.22309398651123000000
89 7454 -9.15138626098632800000
185 9529 -3.90491437911987300000
148 8334 -6.61338424682617200000
300 5596 -6.22659826278686500000
573 11359 -6.12249279022216800000
1656 11839 -8.41360855102539000000
9645 6835 -0.00000000000000000000
83 8029 -7.95366954803466800000
115 11714 -8.89828395843505900000
711 9563 -6.91770553588867200000
100 8060 -1.42138564586639400000
364 9372 -2.14006614685058600000
118 40 -2.08062005043029800000
2184 10203 -3.66356158256530760000
1273 8736 -3.66356158256530760000
419 1897 -5.59471130371093750000
398 397 -5.77765226364135700000
303 149 -3.57887864112854000000
11387 171 -0.00000000000000000000
358 2391 -5.90399837493896500000
173 141 -3.54095935821533200000
181 9212 -6.26680088043212900000
225 8429 -8.60456275939941400000
191 339 0.00000000000000000000
68 11871 -6.80417108535766600000
151 8707 -2.64617490768432600000
711 7781 -4.78122234344482400000
228 3560 -4.06044292449951200000
177 12718 -8.50613212585449200000
14 378 0.00000000000000000000
10661 417 -0.00000000000000000000
1255 1254 -0.00000000000000000000
253 7368 -9.15138626098632800000
50 8536 -2.89037179946899400000
95 10597 -4.29045963287353500000
137 8940 -0.59893286228179930000
10 75 -3.09104251861572270000
256 4081 -7.62578201293945300000
1272 11168 -1.91130459308624270000
2681 2709 -4.96284484863281250000
145 9095 -3.17805385589599600000
86 8754 -2.24508070945739750000
343 141 -4.23410654067993200000
5013 5012 -0.00000000000000000000
252 2663 -5.79301357269287100000
856 9528 -5.57889080047607400000
6835 6788 -5.14749431610107400000
552 8211 -4.84024238586425800000
281 1765 -5.97101736068725600000
288 11284 -7.46851348876953100000
365 5071 -1.60943794250488280000
11450 324 -0.00000000000000000000
136 5938 -5.40588951110839800000
405 2201 -6.06378507614135700000
139 3714 -2.56494927406311040000
300 6669 -6.07189178466796900000
136 9298 -5.32544612884521500000
248 3180 -5.44005346298217800000
400 230 -6.18620872497558600000
750 421 -0.00000000000000000000
106 2688 -3.86423230171203600000
203 6774 -4.45434713363647500000
303 2174 -3.98434376716613770000
901 3708 -2.97807741165161130000
29 3994 -6.42770147323608400000
27 223 0.00000000000000000000
696 5263 -8.99745655059814500000
1258 1347 -7.33184576034545900000
270 9150 -8.51809310913086000000
266 8052 -1.79175949096679690000
392 9315 -0.00000000000000000000
3632 1416 -0.00000000000000000000
573 3653 -2.56494927406311040000
8267 3956 -0.00000000000000000000
7246 1258 -0.00000000000000000000
16 4947 -7.96797323226928700000
66 354 -5.33513116836547850000
150 149 -4.11787509918212900000
7276 496 -0.00000000000000000000
354 9323 -6.78389120101928700000
272 141 -2.98134350776672360000
1087 12218 -2.16832089424133300000
3506 3469 -3.25809645652771000000
800 10689 -8.70436191558837900000
598 626 -4.84112024307251000000
1041 1593 -5.06259489059448200000
1041 3380 -1.42138564586639400000
37 11186 -5.64721202850341800000
35 354 -5.33513116836547850000
9780 9668 -5.22440147399902300000
3 8512 -3.93182563781738300000
268 141 -4.92725372314453100000
131 8917 -7.46879863739013700000
5064 8012 -1.09861230850219730000
3883 402 -0.00000000000000000000
80 5829 -7.04359626770019500000
260 1913 -4.90156412124633800000
210 6536 -3.91340136528015140000
5216 96 -0.00000000000000000000
174 5155 -7.59337425231933600000
137 3203 -6.45165443420410200000
137 11614 -2.77258872985839840000
402 3647 -2.56494927406311040000
50 6594 -2.77258872985839840000
3 2243 -3.04817867279052730000
171 2729 -4.26969766616821300000
169 4807 -7.96797323226928700000
294 141 -3.31781578063964840000
640 568 -5.65205049514770500000
10 3623 -6.46614456176757800000
10622 227 -0.00000000000000000000
3 8272 -1.64261627197265620000
65 1802 -8.44995403289795000000
300 6816 -5.14749431610107400000
145 3870 -4.88280200958251950000
119 3110 -5.24965238571167000000
207 56 -2.27643990516662600000
470 502 -9.02809906005859400000
269 8870 -7.46879863739013700000
30 8013 -2.70805025100708000000
57 9538 -5.19960117340087900000
57 56 -1.30778110027313230000
313 40 -6.05091190338134800000
8215 2728 -0.00000000000000000000
3355 3360 -0.00000000000000000000
137 9604 -3.92197322845459000000
2730 2732 -4.96284484863281250000
37 5044 -4.47163867950439450000
244 6627 -5.61495113372802700000
1041 11612 -2.77258872985839840000
200 157 -0.06529824435710907000
711 9909 -5.11691856384277300000
3873 853 -0.00000000000000000000
341 347 -0.22314354777336120000
248 11606 -2.77258872985839840000
145 6716 -2.52572870254516600000
39 56 -5.71042680740356450000
1041 8950 -2.53177094459533700000
262 312 0.00000000000000000000
88 6078 -8.98421287536621100000
4699 4218 -11.22309494018554700000
27 246 0.00000000000000000000
35 56 -6.11589193344116200000
330 6727 -5.14749431610107400000
3587 295 -0.00000000000000000000
105 569 -5.93973255157470700000
140 668 -4.67282867431640600000
354 347 -1.60943794250488280000
9552 5343 -0.00000000000000000000
711 4814 -4.16131067276001000000
137 12563 -8.50613212585449200000
21 5837 -3.43945837020874020000
180 5021 -4.47163867950439450000
712 1083 -11.97025299072265600000
57 3359 -3.52636051177978500000
5087 5086 -4.81624126434326200000
151 941 -10.95865249633789000000
41 6875 -8.19799709320068400000
285 9142 -8.51809310913086000000
331 10098 -7.87807941436767600000
133 9637 -2.48490667343139650000
65 6000 -7.35389471054077150000
12523 12508 -10.23647117614746100000
34 12127 -2.99573230743408200000
137 6511 -5.35067272186279300000
383 11871 -7.72046184539794900000
6534 269 -0.00000000000000000000
158 157 -7.02041387557983400000
177 354 -4.23651885986328100000
82 11309 -5.73253202438354500000
21 8520 -1.98591554164886470000
121 10759 -10.57616424560546900000
302 75 -4.18965482711792000000
419 9686 -5.91754865646362300000
1087 9296 -4.63229894638061500000
360 12161 -7.00850534439086900000
901 5418 -8.30430889129638700000
122 9126 -3.97029185295105000000
552 11343 -5.42934560775756800000
1877 1875 -0.00000000000000000000
711 2573 -2.63905739784240720000
164 3413 -8.82136344909668000000
169 354 -6.02827835083007800000
30 726 -2.25712275505065900000
856 3971 -6.42770147323608400000
552 3599 -6.46614456176757800000
145 354 -3.83105397224426270000
60 149 -5.37063789367675800000
248 11039 -4.91826200485229500000
27 7080 -6.69146299362182600000
20 11375 -5.42934560775756800000
1299 7160 -6.69146299362182600000
299 7331 -9.15138626098632800000
27 362 0.00000000000000000000
405 2317 -5.90399837493896500000
483 6700 -6.23832464218139650000
48 149 -3.98434376716613770000
258 4065 -10.52994728088378900000
1667 12149 -6.31535816192626950000
1667 9133 -1.86652088165283200000
1087 9987 -7.39418554306030300000
207 9546 -6.80903911590576200000
263 3490 -3.25809645652771000000
136 354 -2.77018189430236800000
137 354 -5.33513116836547850000
248 2158 -4.63384580612182600000
8939 354 -0.00000000000000000000
88 1587 -4.36944770812988300000
27 91 0.00000000000000000000
57 11318 -1.50407743453979500000
711 3167 -8.53109645843505900000
2765 7 -0.00000000000000000000
12130 12122 -1.89711999893188480000
137 3373 -3.36729574203491200000
1988 3296 -3.50578832626342770000
29 10625 -4.62251901626586900000
1258 3375 -3.36729574203491200000
157 43 -2.82953000068664550000
22 10606 -4.13516664505004900000
88 12684 -8.50613212585449200000
136 3679 -5.97380971908569300000
358 320 -1.94591009616851800000
163 9108 -2.87167954444885250000
3363 657 -0.00000000000000000000
48 2194 -6.06378507614135700000
307 5525 -8.91045093536377000000
8180 374 -0.00000000000000000000
8297 3 -0.00000000000000000000
98 97 -2.79320812225341800000
42 608 -6.34519767761230500000
1258 2013 -9.79498291015625000000
3 2 -1.81528997421264650000
8353 10096 -6.35202312469482400000
275 291 -3.17805385589599600000
163 12141 -7.00850534439086900000
130 2015 -9.79498291015625000000
61 204 -0.69314718246459960000
44 1735 -4.03891468048095700000
164 11295 -6.42567920684814450000
1041 4897 -3.17632341384887700000
361 191 -3.86335778236389160000
145 5308 -7.61116218566894500000
21 3911 -7.39233970642089800000
134 315 0.00000000000000000000
42 204 -0.69314718246459960000
157 229 0.00000000000000000000
3836 3842 -0.00000000000000000000
147 3282 -7.83794879913330100000
273 18 -1.16183006763458250000
259 5022 -4.47163867950439450000
21 2 -2.37490582466125500000
169 7635 -7.02835512161254900000
175 43 -4.90897178649902300000
483 5121 -5.48728322982788100000
205 795 -1.13118851184844970000
310 9367 -1.44691896438598630000
2731 6612 -4.36218833923339800000
16 7816 -7.08380699157714800000
2815 10570 -4.18965482711792000000
300 320 -1.94591009616851800000
137 981 -4.32336282730102500000
66 10229 -10.13216876983642600000
356 18 -3.04464602470397950000
164 439 -8.33495140075683600000
353 18 -8.30603981018066400000
1299 3723 -2.94443893432617200000
683 6029 -1.60943794250488280000
266 80 -1.63990139961242680000
137 5714 -4.99527978897094700000
61 5755 -3.71357202529907230000
332 3546 -6.05091190338134800000
800 765 -5.04985618591308600000
239 10 -7.67152214050293000000
901 9887 -8.78048038482666000000
2634 2640 -6.31354808807373050000
289 7021 -8.33038139343261700000
46 8531 -2.60268974304199200000
793 8514 -3.93182563781738300000
712 10566 -10.35531234741211000000
80 8055 -1.79175949096679690000
4792 2731 -0.00000000000000000000
259 7940 -5.26785802841186500000
382 18 -8.99918746948242200000
202 43 -1.65087509155273440000
1668 9142 -8.51809310913086000000
205 2235 -4.22683382034301800000
40 9530 -7.08296823501586900000
298 80 -6.41058588027954100000
1299 6510 -6.04381990432739300000
281 8753 -1.67709660530090330000
334 18 -7.61289262771606450000
333 18 -4.85605239868164100000
3 5101 -1.81237876415252690000
290 80 -5.71743869781494100000
266 8515 -2.54553127288818360000
7035 403 -0.00000000000000000000
6592 373 -0.00000000000000000000
206 2372 -5.90399837493896500000
122 11202 -4.95406484603881800000
11599 385 -0.00000000000000000000
238 43 -4.90897178649902300000
237 43 -3.81035923957824700000
10092 330 -0.00000000000000000000
131 8088 -9.34910202026367200000
6640 47 -0.00000000000000000000
194 11831 -7.72046184539794900000
901 11250 -4.00733327865600600000
71 1263 -2.70805025100708000000
18 43 -4.21582460403442400000
12267 6572 -0.00000000000000000000
36 7212 -7.27621078491210900000
117 1296 -1.60943794250488280000
3347 3346 -0.00000000000000000000
438 1832 -10.39586448669433600000
330 11193 -4.95406484603881800000
9653 9784 -5.91754865646362300000
9380 510 -0.00000000000000000000
3080 3123 -5.24965238571167000000
145 12544 -5.58836174011230500000
11859 11858 -8.41360855102539000000
2420 7141 -5.08202552795410200000
11 10 -6.49880218505859400000
395 18 -7.20742750167846700000
321 7981 -5.26785802841186500000
61 43 -1.57676708698272700000
212 97 -1.58923518657684330000
157 9075 -5.08859157562255900000
387 18 -8.99918746948242200000
185 6881 -7.91031551361084000000
74 1677 -5.59098720550537100000
21 2614 -4.30237436294555700000
657 8225 -4.14709520339965800000
389 18 -8.99918746948242200000
209 8290 -5.36830997467041000000
44 43 -4.90897178649902300000
408 18 -8.99918746948242200000
5943 5953 -0.00000000000000000000
42 43 -1.67029321193695070000
137 8121 -9.34910202026367200000
5776 5798 -4.92725372314453100000
37 43 -2.10561132431030270000
1720 11170 -1.29928302764892580000
151 4799 -7.96797323226928700000
558 11176 -4.54859972000122100000
127 5203 -7.59337425231933600000
800 8282 -4.96284484863281250000
296 1650 -5.75098419189453100000
11115 216 -0.00000000000000000000
248 2622 -1.38629436492919920000
122 9083 -7.82943153381347700000
195 8224 -4.84024238586425800000
249 1428 -8.24813652038574200000
157 8259 -8.40670871734619100000
3338 119 -0.00000000000000000000
108 5203 -7.59337425231933600000
699 415 -0.00000000000000000000
3859 3858 -0.00000000000000000000
1666 9323 -6.78389120101928700000
401 191 -4.84418725967407200000
332 6905 -9.29660987854003900000
2289 2301 -1.80965399742126460000
130 8187 -4.68213129043579100000
248 8770 -5.85936069488525400000
11601 358 -0.00000000000000000000
6861 124 -0.00000000000000000000
248 2227 -2.07944154739379900000
205 2 -0.42899560928344727000
6517 138 -0.00000000000000000000
9540 56 -0.00000000000000000000
7758 7761 -0.00000000000000000000
237 1735 -6.87212800979614300000
576 3016 -5.36129188537597700000
5543 5542 -0.00000000000000000000
27 4820 -7.96797323226928700000
140 717 -5.70711040496826200000
711 7121 -6.69146299362182600000
7756 261 -0.00000000000000000000
149 2496 -7.72466754913330100000
405 320 -1.94591009616851800000
867 873 -6.52429628372192400000
105 43 -4.90897178649902300000
450 11302 -6.42567920684814450000
8396 5177 -0.00000000000000000000
48 167 -1.38629436492919920000
169 11419 -5.93489408493042000000
53 6794 -5.14749431610107400000
16 3826 -3.97029185295105000000
209 2 -2.37490582466125500000
149 12568 -8.50613212585449200000
74 9166 -7.41948032379150400000
14 220 0.00000000000000000000
901 2014 -9.79498291015625000000
253 2520 -7.72466754913330100000
483 8745 -5.07829380035400400000
225 1859 -9.70271682739257800000
57 253 -2.34357023239135740000
81 9514 -9.16977882385253900000
6610 22 -0.00000000000000000000
172 299 -3.47577643394470200000
81 80 -7.10373306274414100000
6841 6729 -5.14749431610107400000
170 299 -6.24836540222168000000
373 7989 -5.26785802841186500000
696 5458 -8.91045093536377000000
151 1584 -4.36944770812988300000
393 43 -4.90897178649902300000
12183 9229 -0.00000000000000000000
119 7973 -5.26785802841186500000
402 43 -4.90897178649902300000
379 97 -2.50552582740783700000
403 43 -4.90897178649902300000
133 5047 -1.60943794250488280000
248 6843 -0.00000000000000000000
93 2691 -3.86423230171203600000
39 253 -6.23539066314697300000
1272 9644 -0.00000000000000000000
515 8447 -8.60456275939941400000
114 113 0.00000000000000000000
134 11226 -5.64721202850341800000
130 8407 -4.07753753662109400000
19 18 -0.56951457262039180000
88 9274 -5.32544612884521500000
6452 6396 -7.69097185134887700000
11150 3534 -0.00000000000000000000
5841 5891 -7.73674345016479500000
1041 7735 -7.36482763290405300000
875 11137 -5.61130142211914100000
696 9093 -3.17805385589599600000
573 8208 -4.84024238586425800000
137 3571 -3.78418970108032230000
1760 1756 -3.85014748573303220000
576 11365 -5.42934560775756800000
44 2784 -6.26831626892089800000
165 485 -9.02809906005859400000
299 11512 -6.02344751358032200000
683 8015 -3.40119743347167970000
74 1658 -4.65237188339233400000
21 2753 -5.57152032852172850000
1041 3785 -5.96068286895751950000
867 1973 -8.78866958618164000000
252 6003 -8.53254985809326200000
140 5871 -5.94498443603515600000
224 6632 -1.92607176303863530000
72 3993 -7.12084865570068400000
145 1279 -2.23135757446289060000
131 1486 -5.57398796081543000000
231 299 -5.96068334579467800000
8 531 -8.33495140075683600000
21 80 -1.87262451648712160000
696 12693 -8.10066699981689500000
392 8935 -0.00000000000000000000
15 80 -3.92567944526672360000
558 3621 -5.07985019683837900000
42 320 -0.69314718246459960000
1041 10025 -3.86782526969909670000
387 5583 -5.63189125061035200000
249 3356 -1.04145383834838870000
2634 11336 -4.73619842529296900000
514 1866 -10.39586448669433600000
154 1619 -1.93152141571044920000
37 320 -2.63905739784240720000
3 80 -0.65247315168380740000
4666 4042 -11.22309398651123000000
154 2629 -0.00000000000000000000
860 3976 -3.22902822494506840000
373 5039 -3.08534431457519530000
1021 1536 -8.94128417968750000000
2639 2702 -4.96284484863281250000
228 5838 -2.27291178703308100000
6842 5692 -0.00000000000000000000
576 11219 -4.95406484603881800000
100 9638 -1.97408103942871100000
711 8406 -4.07753753662109400000
137 7534 -6.40383672714233400000
108 6531 -6.58755016326904300000
115 11218 -2.46915841102600100000
450 468 -8.04726982116699200000
1041 10620 -1.70474803447723390000
405 5747 -1.63413047790527340000
409 105 -1.92586934566497800000
169 5698 -6.23539066314697300000
2208 6682 -6.07189178466796900000
515 2669 -6.89162588119506800000
1620 11155 -3.85721468925476070000
32 9514 -9.16977882385253900000
5760 141 -0.00000000000000000000
209 80 -6.00512075424194300000
18 7197 -7.27621078491210900000
689 1173 -10.95865249633789000000
3890 10568 -4.18965482711792000000
306 10 -3.04881429672241200000
1720 11639 -1.09861230850219730000
178 5863 -6.12730598449707000000
185 864 -5.83114910125732400000
330 10142 -8.79437065124511700000
2846 5967 -0.91629076004028320000
10599 100 -0.00000000000000000000
137 10213 -10.82531642913818400000
891 8713 -5.35422515869140600000
81 8283 -5.36830997467041000000
57 5014 -0.00000000000000000000
3117 3074 -5.24965238571167000000
40 6872 -9.29660987854003900000
6444 6411 -8.38411903381347700000
192 191 -5.24965238571167000000
169 253 -6.23539066314697300000
30 9646 -0.00000000000000000000
205 80 -2.72170662879943850000
27 26 0.00000000000000000000
281 6695 -4.85203027725219700000
1720 1719 -3.87639594078063960000
696 703 -4.55912637710571300000
5139 107 -0.00000000000000000000
8010 393 -0.00000000000000000000
133 10591 -2.09323477745056150000
193 9274 -5.32544612884521500000
40 3538 -6.05091190338134800000
228 80 -3.27509164810180660000
228 8546 -9.97513389587402300000
228 2240 -0.84244346618652340000
1313 711 -0.00000000000000000000
136 253 -6.23539066314697300000
136 3787 -7.34697771072387700000
114 245 0.00000000000000000000
248 1991 -4.90840053558349600000
5568 5589 -8.99918746948242200000
1252 5348 -8.30430889129638700000
1620 1616 -2.15466499328613300000
4979 244 -0.00000000000000000000
249 253 -6.23539066314697300000
2585 457 -0.00000000000000000000
793 2747 -6.67013263702392600000
3067 7961 -5.96100521087646500000
309 105 -3.71762895584106450000
248 702 -3.86597895622253400000
869 6888 -7.21716833114624000000
306 5614 -5.43662881851196300000
248 3721 -2.25129175186157230000
5110 290 -0.00000000000000000000
392 1941 -3.43398714065551760000
141 5797 -4.92725372314453100000
318 105 -4.81624126434326200000
1667 11878 -8.41360855102539000000
860 10632 -3.92937159538269040000
896 65 -0.00000000000000000000
696 1239 -3.25809645652771000000
32 8283 -5.36830997467041000000
598 3032 -4.66814517974853500000
16 5109 -0.00000000000000000000
336 3048 -4.74057483673095700000
1299 11047 -7.75147533416748050000
205 5945 -2.19722461700439450000
68 5187 -6.20707988739013700000
5108 1750 -0.00000000000000000000
165 3414 -4.05067873001098600000
248 12186 -0.69314718246459960000
683 732 -6.40025758743286100000
157 11636 -2.70805025100708000000
5548 5558 -8.30603981018066400000
374 3100 -5.24965238571167000000
3585 3586 -0.00000000000000000000
901 11418 -5.93489408493042000000
388 7989 -5.26785802841186500000
266 5954 -2.19722461700439450000
381 43 -2.60638666152954100000
405 5780 -4.23410654067993200000
279 105 -0.51895576715469360000
712 7461 -9.15138626098632800000
213 291 -2.48490667343139650000
214 291 -1.79175949096679690000
374 43 -2.65767979621887200000
207 253 -1.79273939132690430000
88 65 -6.36353302001953100000
3 3943 -7.39233970642089800000
130 9933 -8.78048038482666000000
248 1297 -1.60943794250488280000
2420 3716 -2.25129175186157230000
392 8679 -0.69314718246459960000
901 4775 -6.87935590744018550000
184 228 -7.03343963623046900000
12421 12420 -10.23647117614746100000
20 5038 -4.47163867950439450000
252 3457 -8.82136344909668000000
169 3711 -5.97380971908569300000
800 5912 -3.56953263282775900000
833 1685 -5.59098720550537100000
104 1882 -5.59471130371093750000
63 10657 -0.40546509623527527000
683 8063 -3.36729574203491200000
5055 2823 -0.00000000000000000000
154 1742 -1.01160097122192380000
3 8054 -1.09861230850219730000
134 6315 -7.69097185134887700000
398 3388 -4.67903995513916000000
365 2636 -0.06744127720594406000
901 1379 -8.53581905364990200000
63 8023 -2.70805025100708000000
42 2195 -6.06378507614135700000
67 65 -8.47374629974365200000
43 10657 -1.09861230850219730000
166 228 -8.78074741363525400000
66 65 -9.57235813140869100000
69 65 -9.34921455383300800000
4667 12116 -8.92025566101074200000
23 10607 -4.13516664505004900000
672 10598 -4.29045963287353500000
140 8062 -1.28785431385040280000
145 9585 -5.53141117095947300000
5709 49 -0.00000000000000000000
151 8868 -7.46879863739013700000
407 27 -9.13210868835449200000
450 1858 -7.83091449737548800000
103 7090 -7.38461017608642600000
40 848 -6.52429628372192400000
9358 9357 -0.00000000000000000000
11033 209 -0.00000000000000000000
80 1305 -1.50407743453979500000
18 10574 -2.80336046218872070000
137 9280 -3.37953591346740720000
41 10624 -5.31566619873046900000
151 6095 -10.08282566070556600000
157 2776 -9.10152912139892600000
36 1734 -6.17898082733154300000
111 65 -9.86004066467285200000
8204 97 -0.00000000000000000000
551 307 -0.00000000000000000000
5074 105 -0.00000000000000000000
9316 140 -0.00000000000000000000
18 9074 -3.56675171852111800000
102 7370 -8.45823860168457000000
266 3512 -6.12029743194580100000
266 8274 -5.36830997467041000000
7510 640 -0.00000000000000000000
31 65 -9.34921455383300800000
317 5161 -7.59337425231933600000
25 65 -10.95865249633789000000
336 259 -4.66343927383422850000
145 1025 -5.67291450500488300000
150 6649 -6.07189178466796900000
711 6485 -4.43438196182251000000
483 11311 -5.73253202438354500000
194 12140 -5.90989303588867200000
57 6608 -0.69314718246459960000
2575 225 -0.00000000000000000000
23 2685 -4.96284484863281250000
3294 3293 -5.37759065628051800000
248 12584 -5.32807826995849600000
3644 797 -0.00000000000000000000
9314 8669 -0.00000000000000000000
207 3341 -1.27296566963195800000
27 337 0.00000000000000000000
83 6702 -1.76098775863647460000
793 3513 -6.12029743194580100000
195 11242 -5.64721202850341800000
711 8080 -7.09780979156494100000
249 2582 -5.10594558715820300000
139 6455 -3.31418609619140620000
9257 9256 -8.51809310913086000000
708 9050 -9.06120204925537100000
1021 1213 -10.26550579071045000000
207 9630 -0.89381790161132810000
30 8530 -2.19722461700439450000
39 65 -6.11446571350097700000
260 3481 -3.25809645652771000000
35 65 -5.40569305419921900000
894 1114 -10.95865249633789000000
139 3827 -3.97029185295105000000
286 9124 -3.97029185295105000000
168 1767 -8.78642654418945300000
15 5855 -3.56235647201538100000
145 3364 -2.67414855957031250000
5767 5766 -2.62466859817504900000
711 8976 -6.75861692428588900000
248 7036 -0.18232156336307526000
1745 206 -0.00000000000000000000
64 2714 -4.96284484863281250000
193 65 -9.57235813140869100000
9 283 -0.68732839822769170000
9088 321 -0.00000000000000000000
8482 121 -0.00000000000000000000
5789 5766 -4.92725372314453100000
689 6221 -10.77597236633300800000
402 3024 -3.56953263282775900000
11480 317 -0.00000000000000000000
573 11210 -5.64721202850341800000
374 7922 -5.26785802841186500000
5778 5766 -1.79175949096679690000
2420 6472 -5.35067272186279300000
246 5754 -3.71357202529907230000
149 8771 -7.46879863739013700000
10 314 -2.23804664611816400000
375 89 -11.30513858795166000000
287 27 -9.13210868835449200000
145 6849 -3.63758611679077150000
1720 7006 -9.71667575836181600000
377 182 -6.07073783874511700000
4699 12095 -8.22710800170898400000
121 5820 -7.04359626770019500000
9 9082 -7.82943153381347700000
296 840 -4.37260723114013700000
2940 2843 -8.03349590301513700000
148 3 -3.71074247360229500000
450 5116 -7.09672117233276400000
814 5187 -7.59337425231933600000
145 12202 -5.83188247680664100000
30 2615 -5.68866872787475600000
375 2661 -6.19847869873046900000
191 1816 -10.39586448669433600000
558 11326 -4.73619842529296900000
279 12125 -2.99573230743408200000
36 283 -0.70742112398147580000
157 5574 -7.90057468414306600000
800 2248 -4.91998100280761700000
104 314 -2.01490306854248050000
151 65 -2.47398281097412100000
145 8942 -4.64198398590087900000
332 3967 -7.12084865570068400000
145 65 -2.32929229736328120000
2208 2207 -5.37063789367675800000
372 27 -6.99204254150390600000
156 65 -10.95865249633789000000
123 228 -8.15504169464111300000
16 2102 -9.79498291015625000000
153 65 -10.26550579071045000000
151 7883 -7.08380699157714800000
347 12179 -7.70165252685546900000
851 6918 -9.29660987854003900000
163 11621 -2.22462344169616700000
50 11145 -3.41407704353332500000
122 314 -1.83258152008056640000
169 7059 -6.69146299362182600000
2621 2136 -0.00000000000000000000
249 2623 -0.53899651765823360000
115 314 -1.75253880023956300000
83 42 -6.89162588119506800000
136 65 -3.30326223373413100000
137 65 -2.98515295982360840000
86 42 -6.19847869873046900000
1980 1989 -0.00000000000000000000
4590 4589 -11.22309398651123000000
1 3248 -7.83794879913330100000
1041 1361 -2.77796888351440430000
87 228 -7.89089012145996100000
6692 262 -0.00000000000000000000
177 65 -4.29296922683715800000
76 314 -2.93119382858276370000
423 530 -9.02809906005859400000
42 3645 -3.66356158256530760000
194 9117 -3.97029185295105000000
9105 259 -0.00000000000000000000
248 9560 -4.61512041091918950000
126 42 -6.89162588119506800000
152 2079 -9.79498291015625000000
262 724 -5.70711040496826200000
160 65 -9.57235813140869100000
759 10962 -10.57616424560546900000
833 11852 -8.41360855102539000000
277 11645 -5.60244655609130900000
41 9523 -7.08296823501586900000
694 3834 -3.97029185295105000000
77 228 -4.12347984313964800000
169 65 -6.18796825408935550000
5453 133 -0.00000000000000000000
438 11472 -7.59135723114013700000
57 3349 -0.00000000000000000000
558 3025 -4.66814517974853500000
1252 7115 -6.69146299362182600000
266 8398 -1.38629436492919920000
207 5699 -2.14104604721069340000
154 58 -4.00733327865600600000
145 6501 -6.04381990432739300000
47 2179 -5.37063789367675800000
392 2133 -9.79498291015625000000
2420 11246 -4.00733327865600600000
137 4712 -6.87935590744018550000
130 7775 -7.08380699157714800000
4786 4791 -0.00000000000000000000
50 865 -6.52429628372192400000
66 6037 -10.08282566070556600000
314 2830 -9.10152912139892600000
165 11311 -7.11882638931274400000
12261 11859 -0.00000000000000000000
3399 3401 -0.00000000000000000000
114 399 0.00000000000000000000
48 6530 -1.38629436492919920000
136 244 -6.20718050003051800000
496 522 -8.33495140075683600000
1021 11111 -7.75147533416748050000
84 112 -0.69314718246459960000
306 205 -2.78573727607727050000
711 7313 -9.15138626098632800000
105 190 -7.75233507156372100000
80 8514 -3.93182563781738300000
143 27 -9.13210868835449200000
388 314 -1.91959285736083980000
205 8522 -3.93182563781738300000
30 10590 -1.40008771419525150000
2681 8492 -3.80666255950927730000
696 7145 -6.69146299362182600000
6416 6402 -7.69097185134887700000
313 3531 -6.05091190338134800000
174 6538 -6.58755016326904300000
27 9972 -8.78048038482666000000
159 27 -9.13210868835449200000
150 5532 -3.61091780662536600000
145 3778 -5.73753976821899400000
137 3868 -4.88280200958251950000
5 2995 -3.05870699882507320000
88 8687 -5.35422515869140600000
175 724 -5.70711040496826200000
248 3357 -1.44691896438598630000
80 3959 -7.39233970642089800000
249 4984 -5.10856819152832000000
89 221 0.00000000000000000000
61 112 -0.69314718246459960000
402 5061 -1.09861230850219730000
200 8249 -8.40670871734619100000
180 120 -0.36772477626800537000
12194 5 -0.00000000000000000000
248 9614 -0.00000000000000000000
133 9469 -9.16977882385253900000
249 244 -6.43032407760620100000
57 10467 -8.28634262084961000000
5213 413 -0.00000000000000000000
27 190 -0.00129004532936960460
194 840 -4.37260723114013700000
139 1618 -3.54095935821533200000
6033 24 -0.00000000000000000000
180 3596 -4.26891994476318400000
86 8414 -5.30872583389282200000
3 9428 -5.61443090438842800000
657 3002 -4.26268005371093750000
122 832 -4.37260723114013700000
21 8621 -9.97513389587402300000
248 10615 -3.31418609619140620000
11495 425 -0.00000000000000000000
11319 301 -0.00000000000000000000
336 5210 -6.90022706985473600000
266 5100 -3.19867300987243650000
207 244 -2.20714664459228500000
9635 3886 -0.00000000000000000000
130 12635 -8.50613212585449200000
136 1518 -8.94128417968750000000
1632 1625 -1.38629436492919920000
354 12171 -7.00850534439086900000
2643 2703 -4.26969766616821300000
114 7419 -9.15138626098632800000
851 10625 -5.31566619873046900000
211 27 -9.13210868835449200000
183 182 -5.37759065628051800000
1656 9241 -7.82494544982910200000
5023 423 -0.00000000000000000000
40 1626 -2.07944154739379900000
115 9366 -1.44691896438598630000
248 5219 -5.12625551223754900000
800 1304 -2.19722461700439450000
359 3008 -2.02908754348754900000
3534 3533 -6.05091190338134800000
134 120 -1.46633708477020260000
145 9267 -4.63229894638061500000
39 244 -5.04402971267700200000
319 314 -3.62434101104736330000
2847 2920 -6.08758592605590800000
1750 1749 -3.85014748573303220000
281 42 -4.11903715133667000000
54 8439 -8.60456275939941400000
136 1593 -4.36944770812988300000
171 12526 -10.23647117614746100000
901 11481 -1.09861230850219730000
122 120 -2.97041440010070800000
5085 5084 -4.81624126434326200000
901 9289 -5.32544612884521500000
297 228 -4.97311925888061500000
136 7626 -10.92017555236816400000
1087 4838 -7.96797323226928700000
10192 1252 -0.00000000000000000000
696 7766 -2.94443893432617200000
13 3967 -7.12084865570068400000
215 81 -4.87519741058349600000
30 5046 -2.30258512496948240000
45 2599 -5.68866872787475600000
228 10831 -6.16944503784179700000
90 89 -7.52094888687133800000
93 6633 -4.22865676879882800000
25 6228 -10.08282566070556600000
76 3504 -3.25809645652771000000
3842 11858 -8.41360855102539000000
248 1289 -0.00000000000000000000
57 244 -1.55226826667785640000
169 11250 -4.00733327865600600000
256 228 -3.62594890594482400000
2854 5966 -0.91629076004028320000
40 1758 -1.45225238800048830000
50 3984 -7.12084865570068400000
76 4230 -11.22309398651123000000
302 283 -7.78280735015869100000
59 58 -2.90872097015380860000
258 228 -8.82519912719726600000
231 81 -4.87519741058349600000
232 81 -5.28066253662109400000
163 9337 -4.29898452758789100000
3398 3393 -5.77765226364135700000
289 283 -5.58558273315429700000
122 1725 -3.98175621032714840000
3396 3393 -2.51955580711364750000
123 4168 -5.73415660858154300000
71 11161 -5.64897441864013700000
267 228 -7.27185058593750000000
61 6904 -9.29660987854003900000
104 391 0.00000000000000000000
187 259 -2.58399748802185060000
299 7759 -2.25129175186157230000
6846 381 -0.00000000000000000000
66 1072 -10.26550579071045000000
260 314 -3.62434101104736330000
3038 286 -0.00000000000000000000
280 228 -9.43133449554443400000
230 3415 -8.82136344909668000000
259 314 -3.62434101104736330000
6462 11157 -3.56953263282775900000
696 4977 -0.69314718246459960000
169 5318 -8.99745655059814500000
131 190 -7.05918788909912100000
131 11604 -2.77258872985839840000
8395 10118 -8.10122299194336000000
37 571 -4.95890331268310550000
67 10220 -11.23078155517578100000
154 1717 -0.69314718246459960000
61 2280 -5.90399837493896500000
124 8489 -3.80666255950927730000
3559 498 -0.00000000000000000000
8528 740 -0.00000000000000000000
12 6002 -10.61199092864990200000
9383 800 -0.00000000000000000000
1667 9338 -6.78389120101928700000
248 6718 -0.91629076004028320000
364 314 -2.70805025100708000000
6673 6666 -6.07189178466796900000
2859 2858 -8.43896102905273400000
76 9647 -5.91754865646362300000
210 259 -2.46621441841125500000
89 9035 -8.36805534362793000000
9057 708 -0.00000000000000000000
20 120 -3.66356158256530760000
139 11153 -4.26268005371093750000
172 81 -3.67122459411621100000
54 6002 -9.91884422302246100000
711 2022 -6.65948915481567400000
170 81 -4.58751535415649400000
672 771 -5.45532131195068400000
2854 4012 -4.85592889785766600000
88 8884 -7.46879863739013700000
109 3967 -6.42770147323608400000
1021 11481 -1.09861230850219730000
6349 6348 -7.69097185134887700000
2420 5363 -8.99745655059814500000
321 314 -2.52572870254516600000
145 7043 -5.18738603591918950000
1564 10379 -11.23078155517578100000
118 37 -0.29184824228286743000
130 5337 -4.80780172348022500000
197 12 -4.88574361801147500000
2854 10580 -0.79850769042968750000
10 6374 -6.59235954284668000000
151 2064 -9.79498291015625000000
6938 3281 -0.00000000000000000000
1273 8543 -0.40546509623527527000
1295 12190 -1.50407743453979500000
43 6788 -5.14749431610107400000
59 1613 -3.54095935821533200000
3076 7964 -5.26785802841186500000
3712 1668 -0.00000000000000000000
360 9131 -8.51809310913086000000
358 3309 -6.07073783874511700000
59 70 -2.39087772369384770000
1021 12753 -8.50613212585449200000
157 350 0.00000000000000000000
114 5244 -8.99745655059814500000
7514 888 -0.00000000000000000000
18 342 -1.38629436492919920000
6433 6281 -7.69097185134887700000
6248 6405 -7.69097185134887700000
8266 8260 -6.32726716995239300000
9788 9712 -5.91754865646362300000
20 11175 -5.64721202850341800000
422 2353 -5.90399837493896500000
49 5757 -0.91629076004028320000
314 8517 -3.93182563781738300000
10 12372 -9.54332447052002000000
576 582 -6.34519767761230500000
136 8718 -6.04737234115600600000
6462 6518 -3.73766970634460450000
7038 1299 -0.00000000000000000000
74 9326 -6.78389120101928700000
160 11444 -5.93489408493042000000
44 7233 -7.27621078491210900000
174 1636 -5.75098419189453100000
5587 5579 -8.99918746948242200000
3291 3290 -0.00000000000000000000
19 5569 -8.99918746948242200000
248 6483 -6.04381990432739300000
237 7210 -4.71126127243042000000
169 8896 -7.46879863739013700000
164 8751 -5.07829380035400400000
169 1010 -6.22685003280639650000
396 754 -5.45532131195068400000
694 12262 -1.09861230850219730000
1718 465 -0.00000000000000000000
2639 6618 -5.61495113372802700000
12535 95 -0.00000000000000000000
377 1985 -1.60943794250488280000
307 12628 -8.50613212585449200000
72 37 -6.52429628372192400000
5 4 -1.60943794250488280000
711 12675 -8.50613212585449200000
50 37 -4.57838630676269500000
51 37 -6.52429628372192400000
128 12 -4.13852930068969700000
552 11236 -5.64721202850341800000
137 8780 -4.13659429550170900000
210 11626 -2.91777062416076660000
128 227 -4.62251901626586900000
2715 2687 -2.19025588035583500000
187 6557 -5.89440298080444300000
9743 9742 -7.01616096496582000000
137 6689 -1.79175949096679690000
29 6936 -7.50485038757324200000
266 20 -1.37486565113067630000
9 2775 -7.30977010726928700000
137 5927 -1.46430790424346920000
1258 2479 -7.72466754913330100000
38 37 -6.52429628372192400000
41 37 -5.83114910125732400000
136 4992 -7.81661844253540000000
39 202 -4.36944770812988300000
206 5749 -3.71357202529907230000
76 7917 -5.26785802841186500000
5045 2815 -0.00000000000000000000
901 6226 -10.08282566070556600000
86 2651 -6.89162588119506800000
175 45 -3.25809645652771000000
130 4975 -0.69314718246459960000
35 202 -2.98315358161926270000
43 10569 -3.09104251861572270000
130 11510 -4.63715314865112300000
2626 6859 -0.00000000000000000000
24 10600 -4.13516664505004900000
14 276 0.00000000000000000000
71 70 -4.26268005371093750000
137 7396 -7.54194831848144500000
1291 1292 -0.00000000000000000000
42 4 -0.22314354777336120000
99 342 -0.28768208622932434000
266 260 -0.44065141677856445000
341 359 0.00000000000000000000
154 11289 -6.36990118026733400000
185 227 -4.21705389022827150000
104 103 -0.69314718246459960000
901 7653 -9.53388118743896500000
139 6514 -2.48490667343139650000
6991 6964 -7.03966045379638700000
375 5980 -9.22569656372070300000
74 5151 -5.98393630981445300000
1620 6521 -3.73766970634460450000
133 45 -1.64865863323211670000
1258 8477 -5.43372201919555700000
246 2337 -5.90399837493896500000
37 9376 -2.14006614685058600000
5770 5769 -4.92725372314453100000
1695 1705 -4.16666507720947300000
330 11362 -4.73619842529296900000
134 11005 -12.18560218811035200000
558 8231 -4.84024238586425800000
6442 6347 -7.69097185134887700000
185 12 -5.29120874404907200000
172 317 -1.09861230850219730000
140 45 -0.86020123958587650000
295 94 -6.48768424987793000000
1287 659 -0.00000000000000000000
1258 8158 -9.34910202026367200000
711 8470 -2.72567176818847660000
203 9114 -3.97029185295105000000
1666 11888 -8.41360855102539000000
386 119 -3.21887588500976560000
100 45 -2.97041440010070800000
140 8533 -1.50407743453979500000
696 4827 -7.96797323226928700000
65 11479 -7.59135723114013700000
203 9077 -7.82943153381347700000
355 61 -5.75098419189453100000
3 5819 -7.73674345016479500000
95 45 -3.25809645652771000000
250 10194 -3.66356158256530760000
239 12310 -10.23647117614746100000
262 94 -3.02194809913635250000
36 7027 -9.02352905273437500000
1652 1639 -5.75098419189453100000
16 8269 -0.35667493939399720000
1252 1251 -3.25809645652771000000
109 12 -5.47353029251098600000
16 3400 -0.69314718246459960000
875 3990 -6.42770147323608400000
139 70 -4.95582723617553700000
30 6026 -1.60943794250488280000
1272 1615 -1.34373474121093750000
351 3991 -7.12084865570068400000
236 235 0.00000000000000000000
3962 6269 -7.69097185134887700000
16 12263 -1.09861230850219730000
11165 11162 -4.95582723617553700000
2944 4019 -5.41554450988769500000
118 227 -1.49795365333557130000
248 3292 -0.00000000000000000000
372 10577 -1.38629436492919920000
262 8285 -5.36830997467041000000
100 8024 -1.09861230850219730000
197 37 -6.52429628372192400000
118 12 -0.51138532161712650000
137 1343 -3.68901038169860840000
185 37 -4.22171115875244100000
13 12 -6.38982105255126950000
115 3495 -3.25809645652771000000
177 202 -3.80983209609985350000
182 3015 -4.66814517974853500000
265 28 -8.78866958618164000000
258 11908 -6.84081363677978500000
163 9147 -8.51809310913086000000
715 747 -0.00000000000000000000
61 3098 -5.24965238571167000000
364 11370 -4.73619842529296900000
201 1885 -5.59471130371093750000
357 367 0.00000000000000000000
130 8127 -5.52046060562133800000
1988 1986 -1.60943794250488280000
46 45 -2.56494927406311040000
10579 323 -0.00000000000000000000
42 3023 -1.89555621147155760000
901 10210 -11.23078155517578100000
8450 573 -0.00000000000000000000
465 3441 -8.82136344909668000000
151 202 -2.49764561653137200000
1713 442 -0.00000000000000000000
11859 12170 -7.00850534439086900000
134 2806 -9.10152912139892600000
337 3626 -1.60943794250488280000
66 4851 -7.27482604980468750000
30 45 -2.27726721763610840000
41 12 -5.00352668762207000000
145 202 -2.04217004776000980000
187 9114 -3.97029185295105000000
28 45 -2.97041440010070800000
79 78 -1.09861230850219730000
41 227 -5.31566619873046900000
154 6522 -1.17272031307220460000
50 3557 -6.05091190338134800000
51 6928 -9.29660987854003900000
337 541 -0.00000000000000000000
248 3874 -4.88280200958251950000
61 591 -5.02344179153442400000
2969 2968 -9.13210868835449200000
214 70 -3.85721468925476070000
51 227 -5.31566619873046900000
5744 658 -0.00000000000000000000
5752 9370 -2.83321332931518550000
213 70 -1.75715398788452150000
27 284 0.00000000000000000000
12238 266 -0.00000000000000000000
128 37 -5.42568397521972700000
50 12 -4.37491798400878900000
136 202 -3.96398282051086430000
151 12550 -6.71437263488769500000
168 474 -7.41866111755371100000
228 789 -3.25809645652771000000
3159 3158 -4.55650520324707000000
137 202 -3.67630076408386230000
5066 5067 -0.00000000000000000000
286 5182 -7.59337425231933600000
856 854 -5.42568397521972700000
1762 93 -0.00000000000000000000
157 7011 -7.07761859893798800000
207 3354 -3.52636051177978500000
207 301 -2.19722461700439450000
219 28 -7.87237882614135700000
137 144 -4.43793439865112300000
260 103 -0.69314718246459960000
8508 5841 -0.00000000000000000000
712 2461 -8.41781425476074200000
145 144 -3.64947700500488300000
3394 9553 -0.00000000000000000000
175 94 -5.79453706741333000000
151 144 -3.27478337287902830000
237 2798 -9.10152912139892600000
2420 3218 -6.73933649063110350000
197 28 -6.99691009521484400000
5759 5758 -0.00000000000000000000
27 152 -0.69314718246459960000
711 8673 -1.09861230850219730000
288 70 -4.95582723617553700000
1720 7192 -6.58306360244751000000
249 9543 -6.80903911590576200000
248 7768 -5.00436544418335000000
15 8277 -5.36830997467041000000
31 7598 -10.92017555236816400000
145 9814 -0.91629076004028320000
345 11281 -7.46851348876953100000
194 61 -4.36468982696533200000
130 11088 -5.11241817474365200000
793 788 -5.45532131195068400000
275 70 -4.95582723617553700000
39 119 -3.91202306747436520000
95 665 -4.67282867431640600000
1041 4779 -6.87935590744018550000
193 10414 -6.84875488281250000000
205 5910 -4.26268005371093750000
143 2899 -9.13210868835449200000
57 119 -1.71479845046997070000
140 94 -0.94055533409118650000
56 9485 -9.86292552947998000000
1564 1359 -8.24813652038574200000
384 78 -0.40546509623527527000
573 2997 -4.66814517974853500000
257 70 -4.26268005371093750000
1087 10618 -3.31418609619140620000
867 3982 -7.12084865570068400000
248 9090 -1.79175949096679690000
133 94 -1.70436763763427730000
711 11260 -4.00733327865600600000
218 6672 -6.76503896713256800000
27 12698 -7.11983776092529300000
248 3573 -3.09104251861572270000
21 20 -2.38646650314331050000
174 3039 -3.13113689422607400000
800 3904 -5.78290176391601600000
177 6137 -9.38967800140380900000
6694 164 -0.00000000000000000000
174 61 -0.95519351959228520000
83 8759 -4.38514661788940400000
875 1971 -8.78866958618164000000
181 11850 -8.41360855102539000000
1888 201 -0.00000000000000000000
3 20 -1.47017586231231700000
57 9632 -1.70474803447723390000
181 61 -5.75098419189453100000
128 28 -6.08061933517456050000
21 260 -3.44468259811401370000
140 9640 -1.50407743453979500000
157 7195 -5.19676923751831050000
76 3618 -5.77299737930297850000
44 9061 -7.13628435134887700000
5107 5106 -3.19867300987243650000
188 28 -8.78866958618164000000
145 8070 -8.94363689422607400000
194 9152 -6.37802648544311500000
1272 11275 -6.36990118026733400000
450 2674 -6.89162588119506800000
307 1405 -8.94128417968750000000
332 9532 -7.08296823501586900000
3 260 -1.47524189949035640000
249 6607 -1.38629436492919920000
151 4719 -5.78074359893798800000
248 1240 -3.25809645652771000000
90 3408 -8.12821674346923800000
145 8672 -1.79175949096679690000
248 6845 -2.25129175186157230000
37 3107 -3.86335778236389160000
122 5041 -4.47163867950439450000
154 11158 -2.18323826789855960000
207 9311 -1.55268514156341550000
166 12048 -6.43534898757934600000
194 5197 -7.59337425231933600000
248 12188 -2.19722461700439450000
6997 114 -0.00000000000000000000
136 119 -3.91202306747436520000
72 28 -8.78866958618164000000
149 4810 -7.96797323226928700000
711 10617 -3.31418609619140620000
5105 7459 -9.15138626098632800000
73 28 -6.99691009521484400000
248 7760 -2.25129175186157230000
7239 237 -0.00000000000000000000
205 20 -1.03192090988159180000
5 11339 -5.42934560775756800000
13 11121 -5.61130142211914100000
303 6654 -6.07189178466796900000
46 94 -4.00277757644653300000
793 5818 -4.02317142486572300000
82 11463 -7.59135723114013700000
228 260 -2.75153541564941400000
131 7044 -6.69146299362182600000
66 9979 -8.78048038482666000000
154 9822 -1.48807704448699950000
11316 11270 -0.00000000000000000000
887 6894 -9.29660987854003900000
2847 4011 -6.10869169235229500000
833 3055 -3.64196252822875980000
228 9392 -9.16977882385253900000
297 4037 -7.89089012145996100000
74 61 -2.91777062416076660000
166 4061 -11.22309398651123000000
9 1722 -5.08036851882934600000
68 61 -4.65237188339233400000
139 1714 -2.48490667343139650000
28 94 -3.84862661361694340000
248 10585 -1.09861230850219730000
130 8999 -6.11676311492919900000
15 754 -4.76217412948608400000
30 94 -1.19689488410949700000
118 28 -0.11455819010734558000
205 260 -3.44468259811401370000
373 11320 -5.42934560775756800000
21 754 -3.15273594856262200000
109 28 -6.99691009521484400000
191 152 -0.69314718246459960000
1676 54 -0.00000000000000000000
228 20 -2.67414855957031250000
16 10087 -0.00000000000000000000
29 28 -7.40237522125244100000
891 10531 -11.23078155517578100000
155 8486 -3.80666255950927730000
82 5972 -10.61199092864990200000
114 7892 -7.08380699157714800000
6407 6355 -7.69097185134887700000
690 697 -0.00000000000000000000
207 119 -1.07880961894989010000
145 7793 -6.39065980911254900000
295 45 -3.66356158256530760000
100 94 -4.40824270248413100000
151 8111 -9.34910202026367200000
8954 696 -0.00000000000000000000
71 1691 -0.00000000000000000000
60 2221 -5.37063789367675800000
62 61 -4.14154624938964800000
3334 3323 -6.07073783874511700000
800 2609 -3.74275875091552730000
55 61 -5.75098419189453100000
296 12164 -5.62221097946167000000
860 9525 -7.08296823501586900000
696 7839 -7.08380699157714800000
121 754 -5.45532131195068400000
137 2016 -9.79498291015625000000
12270 10 -0.00000000000000000000
80 2254 -4.91998100280761700000
95 94 -3.88499426841735840000
833 1637 -5.75098419189453100000
1258 5471 -8.91045093536377000000
4031 228 -0.00000000000000000000
51 28 -8.09552288055420000000
139 218 -3.43398714065551760000
37 8223 -4.84024238586425800000
50 28 -5.32293367385864300000
169 5500 -8.91045093536377000000
140 5049 -2.30258512496948240000
57 301 -0.81093019247055050000
231 11436 -5.93489408493042000000
299 7785 -7.08380699157714800000
41 28 -6.99691009521484400000
145 10616 -1.44238388538360600000
9643 3089 -0.00000000000000000000
341 9221 -8.51809310913086000000
2734 180 -0.00000000000000000000
88 1319 -8.94128417968750000000
5806 4079 -0.00000000000000000000
1252 2425 -7.03152036666870100000
38 28 -5.81825542449951200000
4697 12041 -8.92025566101074200000
137 2427 -7.03152036666870100000
3661 81 -0.00000000000000000000
57 4991 -6.20718050003051800000
83 3416 -3.85155034065246600000
154 218 -2.33537483215332030000
33 11379 -4.73619842529296900000
93 234 -0.33647224307060240000
833 9342 -6.78389120101928700000
1299 12191 -1.79175949096679690000
88 5 -5.83188247680664100000
50 9533 -7.08296823501586900000
1620 6458 -1.92789161205291750000
8064 64 -0.00000000000000000000
869 870 -5.83114910125732400000
177 7607 -8.84073352813720700000
177 10291 -11.23078155517578100000
227 9319 -6.78389120101928700000
210 9107 -3.97029185295105000000
155 6622 -5.61495113372802700000
373 52 -1.38629436492919920000
24 6614 -4.92180395126342800000
329 250 -3.61091780662536600000
83 8425 -5.25465869903564450000
8200 8199 -3.89182043075561520000
9652 419 -0.00000000000000000000
121 36 -8.27633094787597700000
64 234 -3.65065813064575200000
145 4819 -3.56737017631530760000
483 482 -9.02809906005859400000
102 308 0.00000000000000000000
259 11363 -5.42934560775756800000
124 234 -1.57121670246124270000
683 8595 -8.87652111053466800000
266 9459 -8.47663116455078100000
122 2824 -7.49209165573120100000
151 2542 -7.03152036666870100000
207 2576 -3.31418609619140620000
697 6796 -5.14749431610107400000
227 226 -0.69314718246459960000
8681 144 -0.00000000000000000000
127 9115 -3.97029185295105000000
266 8586 -4.53488254547119100000
248 1396 -8.94128417968750000000
4667 4645 -10.52994728088378900000
136 10498 -9.28487110137939500000
24 234 -3.65065813064575200000
1046 8938 -5.33513116836547850000
5795 5768 -4.92725372314453100000
6713 388 -0.00000000000000000000
96 2708 -4.04655408859252900000
373 6805 -5.14749431610107400000
47 5539 -3.61091780662536600000
36 203 -1.10978555679321300000
248 1256 -2.30258512496948240000
83 2650 -5.79301357269287100000
887 6599 -2.77258872985839840000
145 2476 -6.62605524063110350000
95 8532 -3.29583692550659200000
57 5694 -4.44363117218017600000
33 5032 -4.47163867950439450000
496 3417 -7.43506908416748050000
1710 1704 -4.16666507720947300000
151 10353 -7.29895591735839800000
3474 9366 -2.14006614685058600000
1310 3617 -6.46614456176757800000
151 12196 -2.96968150138855000000
27 1458 -8.94128417968750000000
3 36 -4.06050682067871100000
140 10593 -3.19184708595275900000
87 4077 -11.22309398651123000000
1258 9929 -7.39418554306030300000
860 1954 -8.09552288055420000000
136 195 -1.48160457611083980000
394 6910 -9.29660987854003900000
135 6657 -5.15560102462768550000
304 21 -1.91272461414337160000
9 203 -0.41103616356849670000
708 707 -3.46051406860351560000
248 7069 -6.69146299362182600000
6686 363 -0.00000000000000000000
15 36 -8.05318737030029300000
43 234 -3.65065813064575200000
133 8056 -1.98100149631500240000
483 3448 -8.12821674346923800000
2420 7827 -7.08380699157714800000
21 36 -3.61289191246032700000
145 8812 -5.27157402038574200000
89 5361 -9.69060325622558600000
252 129 -0.69314718246459960000
139 285 -4.23410654067993200000
210 5142 -5.72157192230224600000
5093 5091 -4.81624126434326200000
26 557 -1.95074856281280520000
2226 2232 -0.00000000000000000000
833 12180 -5.39906740188598600000
42 11182 -5.64721202850341800000
228 36 -0.27355328202247620000
53 11594 -2.19722461700439450000
16 11151 -1.09861230850219730000
1241 1250 -0.00000000000000000000
76 6243 -3.86233019828796400000
875 878 -5.83114910125732400000
576 5025 -4.47163867950439450000
82 8417 -8.60456275939941400000
292 6639 -4.51633882522583000000
875 6912 -9.29660987854003900000
375 1798 -9.70271682739257800000
154 6457 -2.06142306327819820000
114 8835 -7.46879863739013700000
1272 6459 -1.81010866165161130000
300 2898 -9.13210868835449200000
134 7232 -7.27621078491210900000
27 110 -0.03704127296805382000
205 36 -5.31881999969482400000
174 11619 -2.91777062416076660000
130 1342 -8.94128417968750000000
711 11521 -5.61798238754272500000
147 7504 -7.76509189605712900000
114 3285 -7.83794879913330100000
1041 8783 -6.77565145492553700000
37 5748 -3.71357202529907230000
145 5725 -3.53999257087707500000
145 1248 -3.95124363899230960000
100 8656 -9.97513389587402300000
82 5686 -7.13847017288208000000
447 1868 -10.39586448669433600000
8934 8936 -0.00000000000000000000
157 11174 -2.80336046218872070000
259 6770 -5.14749431610107400000
3474 3473 -2.56494927406311040000
9255 9223 -6.90865468978881800000
10209 248 -0.00000000000000000000
194 9327 -6.09074401855468750000
155 2683 -3.86423230171203600000
68 9319 -6.78389120101928700000
12 1769 -9.99039936065673800000
139 6937 -0.00000000000000000000
266 2593 -4.30237436294555700000
100 6027 -1.60943794250488280000
83 351 -6.44532299041748050000
59 285 -4.23410654067993200000
123 11991 -6.14766645431518550000
140 8017 -2.01490306854248050000
151 9599 -6.22455835342407200000
151 5 -1.14513230323791500000
402 11874 -8.41360855102539000000
41 3974 -7.12084865570068400000
145 5 -2.01417016983032230000
65 129 -0.69314718246459960000
2420 8816 -7.46879863739013700000
117 3192 -7.83794879913330100000
136 5 -4.65322732925415000000
137 5 -4.51012659072876000000
65 3463 -8.82136344909668000000
15 10802 -10.57616424560546900000
57 195 -2.39789533615112300000
76 12072 -8.92025566101074200000
6462 6461 -1.92789161205291750000
222 5779 -4.23410654067993200000
2144 2143 -0.00000000000000000000
134 203 -4.90527486801147500000
248 3837 -2.67414855957031250000
833 9185 -5.29921674728393550000
151 7127 -5.99831581115722700000
21 3525 -3.05224442481994630000
145 3664 -3.40886020660400400000
10 9764 -4.81893634796142600000
364 6739 -5.14749431610107400000
177 5 -4.44558811187744100000
169 5934 -6.25318765640258800000
187 3047 -4.74057483673095700000
293 300 -4.22683382034301800000
1087 11414 -5.93489408493042000000
6024 713 -0.00000000000000000000
438 459 -8.74041652679443400000
115 6723 -5.84064149856567400000
287 2865 -6.08758592605590800000
205 8602 -4.86013841629028300000
5964 7812 -7.08380699157714800000
117 110 -4.00733327865600600000
169 5 -5.83188247680664100000
139 11280 -6.77536630630493200000
57 3339 -3.91202306747436520000
11323 2684 -0.00000000000000000000
297 11909 -6.97434520721435550000
9 7018 -9.02352905273437500000
3160 2420 -0.00000000000000000000
1258 5322 -8.99745655059814500000
50 1628 -2.07944154739379900000
6991 11788 -9.81457424163818400000
887 886 -6.52429628372192400000
856 3532 -4.54683446884155300000
850 37 -0.00000000000000000000
108 838 -5.06575441360473600000
11251 11232 -0.00000000000000000000
207 4990 -7.81661844253540000000
193 300 -4.63229894638061500000
184 11975 -6.21220541000366200000
1041 12222 -4.12713432312011700000
117 5017 -1.79175949096679690000
8931 7496 -0.00000000000000000000
694 8734 -3.66356158256530760000
37 2360 -5.90399837493896500000
302 7986 -5.26785802841186500000
875 10631 -5.31566619873046900000
3890 3884 -3.54095935821533200000
392 7512 -1.38629436492919920000
2293 2364 -5.90399837493896500000
35 327 -3.09440374374389650000
304 11660 -9.81457424163818400000
169 10242 -6.25750207901001000000
3089 7980 -5.26785802841186500000
39 327 -4.59848117828369100000
800 8603 -8.02922344207763700000
194 6540 -5.89440298080444300000
1252 11091 -7.75147533416748050000
210 269 -4.39032554626464800000
3474 6818 -5.14749431610107400000
2175 149 -0.00000000000000000000
22 6631 -5.61495113372802700000
4596 4595 -11.22309398651123000000
76 52 -1.38629436492919920000
392 7100 -6.69146299362182600000
38 1955 -8.78866958618164000000
372 4015 -2.11970782279968260000
195 11338 -5.42934560775756800000
145 300 -2.58460593223571780000
392 12528 -4.07753753662109400000
37 3648 -2.97041440010070800000
151 300 -3.02286100387573240000
53 52 -1.38629436492919920000
220 8611 -9.97513389587402300000
27 292 -0.00139567360747605560
149 8102 -8.65595436096191400000
11 12295 -4.66052246093750000000
115 6987 -7.03966045379638700000
1252 7802 -5.98519515991210900000
1652 12145 -6.31535816192626950000
5107 8285 -3.57655024528503400000
249 10275 -8.52273082733154300000
290 36 -8.96947860717773400000
44 3075 -5.24965238571167000000
231 385 -1.38629436492919920000
137 12212 -3.24788498878479000000
694 688 -1.38629436492919920000
88 327 -4.59848117828369100000
298 36 -8.96947860717773400000
137 300 -3.12822151184082030000
136 300 -2.84053945541381840000
57 1744 -1.94591009616851800000
187 269 -5.48893785476684600000
5671 12440 -8.09640502929687500000
3474 5541 -3.61091780662536600000
82 5114 -7.09672117233276400000
10583 1632 -0.00000000000000000000
696 2493 -5.93290805816650400000
177 300 -4.63229894638061500000
54 1777 -10.39586448669433600000
111 327 -4.59848117828369100000
696 8401 -3.38439035415649400000
552 3031 -4.66814517974853500000
109 11128 -4.51268911361694300000
115 7932 -5.96100521087646500000
149 8462 -5.43372201919555700000
248 6606 -2.07944154739379900000
286 6548 -5.89440298080444300000
365 12239 -7.93537282943725600000
354 9208 -8.51809310913086000000
58 6921 -9.29660987854003900000
18 5555 -8.59372234344482400000
1751 1755 -0.00000000000000000000
269 7854 -7.08380699157714800000
122 5167 -7.59337425231933600000
1087 8725 -4.66107797622680700000
80 10887 -11.26931190490722700000
1046 11439 -5.93489408493042000000
2349 2340 -5.90399837493896500000
169 300 -3.82136869430542000000
50 6871 -9.29660987854003900000
42 8214 -4.14709520339965800000
169 1380 -7.84267139434814450000
266 36 -1.66395413875579830000
228 3899 -0.71023100614547730000
289 9076 -7.13628435134887700000
3627 694 -0.00000000000000000000
9659 9658 -5.91754865646362300000
573 572 -5.93973255157470700000
248 5468 -8.91045093536377000000
377 3316 -6.07073783874511700000
1299 8833 -7.46879863739013700000
82 1785 -9.29725170135498000000
137 327 -3.49986886978149400000
10 7978 -5.96100521087646500000
438 5996 -10.61199092864990200000
1310 11215 -5.64721202850341800000
139 5740 -0.69314718246459960000
341 226 -0.69314718246459960000
696 7520 -4.44265127182006800000
88 4768 -6.18620872497558600000
145 327 -3.13214421272277830000
169 7281 -9.15138626098632800000
151 327 -3.17136478424072270000
281 432 -7.23633956909179700000
15 8611 -8.87652111053466800000
281 351 -6.44532299041748050000
6860 3824 -0.00000000000000000000
114 11058 -7.75147533416748050000
130 7521 -3.05635690689086900000
110 9641 -3.58351898193359380000
106 8495 -3.11351537704467770000
18 1723 -1.66264200210571300000
207 261 -1.09861230850219730000
901 4826 -7.96797323226928700000
307 110 -4.00733327865600600000
2420 7339 -9.15138626098632800000
40 11120 -2.66686272621154800000
833 9106 -3.97029185295105000000
860 6862 -9.29660987854003900000
711 5016 -1.09861230850219730000
248 9060 -1.09861230850219730000
9300 9301 -0.00000000000000000000
177 327 -0.78443861007690430000
228 5950 -2.19722461700439450000
201 52 -1.38629436492919920000
276 10733 -10.57616424560546900000
286 829 -5.06575441360473600000
341 12138 -7.00850534439086900000
130 7076 -6.69146299362182600000
145 11602 -2.77258872985839840000
42 2286 -5.21085119247436500000
316 351 -7.13847017288208000000
45 10817 -11.67477607727050800000
1624 1623 -0.00000000000000000000
251 250 -3.61091780662536600000
136 9970 -7.68186759948730500000
296 9138 -7.41948032379150400000
194 1682 -5.59098720550537100000
2400 32 -0.00000000000000000000
5929 332 -0.00000000000000000000
203 5167 -6.90022706985473600000
3728 299 -0.00000000000000000000
18 8009 -1.09861230850219730000
38 1752 -3.15700030326843260000
115 11371 -5.42934560775756800000
330 8301 -8.81060886383056600000
169 1599 -4.36944770812988300000
183 3308 -6.07073783874511700000
3089 3077 -5.24965238571167000000
136 9310 -4.22683382034301800000
2854 2945 -7.74581432342529300000
136 6097 -6.39394617080688500000
1258 7140 -5.59285068511962900000
185 3549 -3.37676334381103500000
131 292 -6.57507562637329100000
27 242 0.00000000000000000000
1258 12596 -7.81298494338989300000
172 4710 -6.87935590744018550000
95 722 -6.40025758743286100000
1299 3163 -7.83794879913330100000
273 5547 -8.99918746948242200000
337 12262 -1.09861230850219730000
1021 8937 -2.62708115577697750000
253 8921 -7.46879863739013700000
696 3379 -3.36729574203491200000
90 2659 -1.69312882423400880000
9302 146 -0.00000000000000000000
21 5911 -4.26268005371093750000
248 8967 -5.38490152359008800000
239 5617 -5.14894676208496100000
327 5059 -1.09861230850219730000
122 3594 -6.46614456176757800000
35 300 -2.55285739898681640000
145 11503 -6.71659469604492200000
856 8541 -1.28093385696411130000
348 6655 -6.07189178466796900000
3298 182 -0.00000000000000000000
39 300 -4.63229894638061500000
205 8276 -4.67516279220581050000
96 6 -1.32175588607788090000
1258 1257 -2.30258512496948240000
174 1673 -5.59098720550537100000
228 14 -6.89162588119506800000
354 11873 -8.41360855102539000000
154 5056 -0.00000000000000000000
169 6147 -5.79236602783203100000
279 5080 -3.02448177337646500000
266 806 -4.76217412948608400000
27 410 0.00000000000000000000
121 311 -8.00919723510742200000
8534 3856 -0.00000000000000000000
6525 167 -0.00000000000000000000
1694 44 -0.00000000000000000000
438 3451 -8.82136344909668000000
149 7878 -6.39065980911254900000
210 286 -2.60050868988037100000
2846 2838 -9.13210868835449200000
376 22 -5.61495113372802700000
248 4787 -3.61091780662536600000
137 11384 -2.50090694427490230000
262 357 -0.60613578557968140000
2836 27 -0.00000000000000000000
711 9626 -3.63758611679077150000
207 225 -1.44238388538360600000
901 8166 -9.34910202026367200000
174 163 -1.62630629539489750000
145 7573 -6.44283866882324200000
351 6922 -8.60346221923828100000
166 76 -8.22710800170898400000
365 262 -0.75141608715057370000
205 14 -3.93293499946594240000
169 5718 -6.24804306030273400000
131 130 -6.63550901412963900000
209 14 -5.23773622512817400000
281 324 -4.88330698013305700000
184 76 -4.42044591903686500000
366 216 -5.61130142211914100000
68 9112 -3.97029185295105000000
65 8426 -8.60456275939941400000
2277 175 -0.00000000000000000000
352 216 -4.91815423965454100000
3394 3391 -3.25192356109619140000
405 3476 -4.35670852661132800000
1850 1806 -10.39586448669433600000
11187 2429 -0.00000000000000000000
6379 6322 -7.69097185134887700000
194 163 -5.75574207305908200000
5 8228 -4.84024238586425800000
44 10571 -3.49650764465332030000
328 84 -3.60634446144104000000
150 47 -1.76782667636871340000
5 612 -7.03834486007690400000
139 1739 -2.39789533615112300000
9557 424 -0.00000000000000000000
8505 426 -0.00000000000000000000
740 737 -6.40025758743286100000
6604 686 -0.00000000000000000000
149 1366 -5.27772188186645500000
358 5743 -3.71357202529907230000
856 1953 -8.78866958618164000000
100 10933 -10.57616424560546900000
177 1094 -10.95865249633789000000
135 47 -5.37874460220336900000
109 8535 -2.89037179946899400000
423 11306 -6.42567920684814450000
8411 46 -0.00000000000000000000
5058 5057 -1.09861230850219730000
102 101 -1.94591009616851800000
7 6 -0.91629076004028320000
390 30 -10.92017555236816400000
248 6992 -0.28768208622932434000
136 225 -5.10594558715820300000
2648 42 -0.00000000000000000000
1087 10538 -4.34220886230468750000
130 9588 -5.12594604492187500000
6730 298 -0.00000000000000000000
21 311 -6.39975881576538100000
27 233 0.00000000000000000000
193 7546 -8.84073352813720700000
3510 289 -0.00000000000000000000
3 311 -0.00466434285044670100
22 8500 -3.11351537704467770000
121 8566 -8.58883953094482400000
145 6691 -1.79175949096679690000
151 5513 -8.91045093536377000000
187 286 -3.82428407669067400000
248 7515 -0.97691535949707030000
1252 7365 -9.15138626098632800000
856 1630 -1.38629436492919920000
368 84 -3.41755032539367680000
1645 9344 -6.78389120101928700000
1041 9287 -4.63229894638061500000
2291 2343 -3.70677399635314940000
130 3841 -1.98100149631500240000
122 11322 -5.42934560775756800000
6300 6299 -7.69097185134887700000
121 14 -8.59637355804443400000
136 4903 -7.27482604980468750000
1087 3371 -3.36729574203491200000
9816 1574 -0.00000000000000000000
228 311 -8.00919723510742200000
696 1340 -6.99537372589111300000
5671 5670 -6.53524112701416000000
223 12174 -7.00850534439086900000
187 5180 -7.59337425231933600000
27 130 -0.00131377286743372680
392 7251 -6.27326536178588900000
154 138 -3.73766970634460450000
856 1754 -1.07755887508392330000
172 171 -3.19405412673950200000
194 3044 -4.74057483673095700000
147 101 -0.15415067970752716000
174 822 -1.64802789688110350000
3963 2208 -0.00000000000000000000
174 11827 -7.72046184539794900000
134 11345 -4.04305124282836900000
235 11206 -5.64721202850341800000
3 2750 -6.67013263702392600000
595 8237 -4.84024238586425800000
130 4870 -7.27482604980468750000
228 8051 -1.79175949096679690000
1258 8982 -9.06120204925537100000
6463 6275 -0.00000000000000000000
29 1976 -8.78866958618164000000
62 163 -7.00850534439086900000
127 12137 -6.31535816192626950000
139 138 -2.63905739784240720000
392 11632 -2.19722461700439450000
216 6 -2.01490306854248050000
205 311 -6.39975881576538100000
1 5381 -8.99745655059814500000
10 5610 -7.22838830947876000000
2944 2871 -8.21581745147705000000
115 5027 -3.37302660942077640000
55 163 -4.86843919754028300000
145 8980 -9.06120204925537100000
793 8286 -4.67516279220581050000
81 14 -8.59637355804443400000
3 799 -4.06902694702148400000
176 171 -5.93489408493042000000
6587 6586 -5.89440298080444300000
74 163 -2.07763481140136700000
88 4911 -6.86936092376709000000
696 7407 -7.44663810729980500000
39 225 -5.10594558715820300000
75 1910 -5.59471130371093750000
217 373 -1.38629436492919920000
77 76 -1.89917147159576420000
293 30 -9.82156276702880900000
11637 2021 -0.00000000000000000000
255 8535 -1.50407743453979500000
32 14 -7.49776172637939450000
856 11122 -5.61130142211914100000
155 10602 -4.13516664505004900000
87 76 -4.77712059020996100000
3 11007 -9.47755241394043000000
9790 9732 -5.91754865646362300000
1614 285 -0.00000000000000000000
57 225 -3.31418609619140620000
299 3717 -2.25129175186157230000
662 683 -0.00000000000000000000
191 3121 -5.24965238571167000000
1046 10492 -9.84448719024658200000
15 14 -5.62595939636230500000
457 427 -9.02809906005859400000
364 179 -1.38629436492919920000
60 47 -6.07189178466796900000
6427 6337 -6.30467748641967800000
68 1638 -5.75098419189453100000
48 47 -2.06455850601196300000
132 6 -1.60943794250488280000
844 9238 -8.51809310913086000000
3 14 -1.65035998821258540000
231 171 -4.83628177642822300000
552 588 -7.03834486007690400000
151 3567 -1.38629436492919920000
67 1061 -10.26550579071045000000
207 10536 -8.18625926971435500000
2996 422 -0.00000000000000000000
814 11880 -8.41360855102539000000
392 295 -3.63098549842834470000
127 163 -4.52359867095947300000
151 6852 -2.94443893432617200000
150 2198 -6.06378507614135700000
21 14 -4.59817314147949200000
422 2874 -9.82525634765625000000
287 4020 -5.19240093231201200000
123 76 -4.63666868209838900000
364 7944 -4.57471084594726600000
470 3443 -8.82136344909668000000
288 6458 -4.00733327865600600000
41 117 -6.42770147323608400000
2846 4001 -6.80183887481689450000
254 30 -10.92017555236816400000
130 2557 -7.72466754913330100000
121 9394 -8.47663116455078100000
406 402 -3.54095935821533200000
6238 134 -0.00000000000000000000
137 3865 -1.79175949096679690000
800 9441 -7.22386837005615200000
227 6574 -6.58755016326904300000
106 22 -2.72457957267761230000
9810 53 -0.00000000000000000000
9821 218 -0.00000000000000000000
3844 3854 -0.00000000000000000000
51 117 -5.51141071319580100000
163 5156 -3.68135118484497070000
50 117 -3.98535418510437000000
344 6666 -6.76503896713256800000
3607 759 -0.00000000000000000000
137 1275 -3.99234533309936520000
180 179 -0.28768208622932434000
8675 7879 -0.00000000000000000000
361 3088 -5.24965238571167000000
450 11477 -6.89821004867553700000
105 3029 -3.97499775886535640000
136 146 -1.25641930103302000000
145 332 -7.35179996490478500000
856 10628 -5.31566619873046900000
133 8527 -3.29583692550659200000
151 9270 -5.32544612884521500000
193 1557 -8.94128417968750000000
9619 2716 -0.00000000000000000000
300 2314 -3.41909193992614750000
151 332 -5.56004047393798800000
193 30 -7.51897811889648400000
151 7530 -10.92017555236816400000
307 7095 -6.69146299362182600000
29 117 -7.12084865570068400000
137 332 -4.86689329147338900000
202 3068 -5.24965238571167000000
136 332 -2.14779329299926760000
248 8674 -1.09861230850219730000
196 30 -10.92017555236816400000
267 12067 -8.22710800170898400000
42 6806 -5.14749431610107400000
74 6566 -5.89440298080444300000
58 1631 -2.07944154739379900000
8294 8278 -6.06145715713501000000
1041 12628 -5.21029520034790000000
169 4989 -7.12347126007080100000
1300 1310 -0.00000000000000000000
177 30 -1.25007128715515140000
109 117 -5.73455429077148400000
901 1192 -9.86004066467285200000
85 84 -6.00423955917358400000
145 1588 -5.06259489059448200000
552 3650 -4.35670852661132800000
193 7894 -7.08380699157714800000
30 9634 -3.58351898193359380000
2639 8489 -3.80666255950927730000
9 7185 -6.58306360244751000000
5076 5073 -3.42994689941406250000
80 3517 -6.12029743194580100000
311 472 -8.33495140075683600000
354 1665 -5.75098419189453100000
354 340 -6.56667232513427700000
118 117 -0.85269963741302490000
169 30 -6.47752428054809600000
15 9394 -8.07116603851318400000
1046 7598 -10.92017555236816400000
151 30 -2.65568351745605470000
23 22 -4.92180395126342800000
901 2447 -7.72466754913330100000
145 30 -3.70126581192016600000
2324 2297 -6.59714555740356450000
156 30 -10.22702789306640600000
341 340 -0.00140745972748845820
137 6106 -4.26274251937866200000
351 11140 -4.51268911361694300000
9629 195 -0.00000000000000000000
207 146 -4.51451587677001950000
266 311 -7.31604957580566400000
100 357 -0.78845733404159550000
153 30 -10.22702789306640600000
269 2471 -7.72466754913330100000
83 324 -5.39413261413574200000
63 667 -4.67282867431640600000
299 2409 -7.72466754913330100000
187 845 -5.06575441360473600000
61 5552 -8.99918746948242200000
5603 5562 -8.99918746948242200000
2420 2405 -7.72466754913330100000
1021 10495 -10.53763389587402300000
5009 5011 -0.00000000000000000000
830 6583 -6.58755016326904300000
3073 3086 -4.55650520324707000000
137 30 -2.78585457801818850000
130 6465 -6.04381990432739300000
136 30 -6.51345634460449200000
1252 3268 -7.83794879913330100000
8544 1820 -0.00000000000000000000
59 11164 -3.16406750679016100000
207 10645 -1.94591021537780760000
23 6636 -5.61495113372802700000
186 427 -8.33495140075683600000
134 3616 -5.07985019683837900000
165 8757 -3.46885609626770000000
280 76 -8.92025566101074200000
1564 9542 -6.11589193344116200000
4685 11958 -8.92025566101074200000
318 5089 -4.81624126434326200000
64 63 -1.50407743453979500000
2282 2359 -5.21085119247436500000
169 10060 -8.08733272552490200000
207 1747 -1.94591009616851800000
258 76 -8.22710800170898400000
139 9820 -0.94908052682876590000
856 6591 -2.07944154739379900000
93 63 -0.58778667449951170000
57 146 -3.41590356826782230000
256 76 -2.25329852104187000000
139 1267 -2.70805025100708000000
163 1681 -4.49237489700317400000
711 3724 -2.94443893432617200000
111 30 -4.08606672286987300000
165 5113 -4.20634984970092800000
280 4274 -11.22309398651123000000
248 5018 -1.79175949096679690000
344 47 -6.07189178466796900000
267 76 -6.72303104400634800000
185 6597 -2.77258872985839840000
163 1662 -3.55375957489013670000
188 117 -5.73455429077148400000
217 216 -4.91815423965454100000
1021 3773 -6.65383052825927700000
95 9642 -3.58351898193359380000
1261 1265 -0.00000000000000000000
130 3171 -3.74360442161560060000
88 30 -6.57637023925781250000
172 3791 -6.65383052825927700000
1021 5214 -0.69314718246459960000
543 542 -0.00000000000000000000
128 117 -5.17493820190429700000
9368 2550 -0.00000000000000000000
1874 1876 -0.00000000000000000000
248 2571 -1.94591009616851800000
1041 10305 -4.21641635894775400000
82 6707 -6.93147182464599600000
42 3624 -6.46614456176757800000
712 11266 -4.00733327865600600000
299 11074 -5.44889020919799800000
137 9874 -8.78048038482666000000
300 3493 -3.25809645652771000000
189 84 -7.95015001296997100000
367 10594 -4.29045963287353500000
124 63 -1.50407743453979500000
300 11593 -2.19722461700439450000
161 84 -0.06594995409250260000
178 8279 -3.28886818885803220000
1877 7240 -6.05561256408691400000
296 163 -5.62221097946167000000
145 3245 -6.58518600463867200000
2316 2380 -5.90399837493896500000
297 76 -5.13606595993042000000
1087 3688 -5.97380971908569300000
66 30 -9.82156276702880900000
2570 2574 -0.00000000000000000000
67 30 -9.31073760986328100000
69 30 -8.14758682250976600000
372 2850 -8.43896102905273400000
450 6016 -8.41476631164550800000
270 6559 -6.58755016326904300000
36 9071 -7.82943153381347700000
208 84 -7.95015001296997100000
12121 33 -0.00000000000000000000
360 11624 -2.91777062416076660000
76 11197 -5.64721202850341800000
48 5529 -2.91777062416076660000
93 92 0.00000000000000000000
145 11065 -6.65286302566528300000
372 5958 -1.60943794250488280000
298 14 -9.28952121734619100000
145 8682 -6.04737234115600600000
11812 11780 -9.81457424163818400000
137 7108 -3.53446269035339360000
39 30 -7.57027149200439450000
711 7523 -3.74950408935546880000
145 4746 -3.74386167526245100000
9806 9675 -5.91754865646362300000
230 427 -9.02809906005859400000
35 30 -3.83930754661560060000
290 14 -9.28952121734619100000
255 117 -3.82501173019409200000
894 7720 -10.92017555236816400000
696 8077 -8.94363689422607400000
11232 11357 -4.73619842529296900000
31 30 -6.91284227371215800000
138 11469 -7.59135723114013700000
809 15 -0.00000000000000000000
197 117 -5.32908916473388700000
155 22 -3.21705603599548340000
303 47 -3.39774322509765620000
9268 300 -0.00000000000000000000
800 8509 -3.93182563781738300000
867 11149 -4.91815423965454100000
54 8043 -7.95366954803466800000
712 7728 -10.92017555236816400000
280 11926 -6.14766645431518550000
115 6403 -7.69097185134887700000
163 11840 -8.41360855102539000000
145 11255 -4.00733327865600600000
7241 7237 -4.66931819915771500000
151 4981 -7.81661844253540000000
80 9479 -9.16977882385253900000
6515 291 -0.00000000000000000000
5675 351 -0.00000000000000000000
41 3542 -6.05091190338134800000
266 14 -0.26484793424606323000
450 3427 -7.72275114059448200000
16 5010 -0.40546509623527527000
331 8302 -6.67054271697998050000
161 5051 -7.25700283050537100000
7238 7237 -3.05988001823425300000
6993 6996 -0.00000000000000000000
300 5761 -4.92725372314453100000
711 5478 -5.10378837585449200000
259 11188 -5.64721202850341800000
228 2611 -3.38608384132385250000
3069 191 -0.00000000000000000000
9802 9772 -6.32301378250122100000
80 1581 -0.00000000000000000000
1720 2783 -8.18523883819580000000
21 10727 -9.18986988067627000000
300 5742 -2.32727766036987300000
174 131 -2.98470330238342300000
370 248 -10.13216876983642600000
249 3337 -3.91202306747436520000
5962 5964 -0.00000000000000000000
115 310 0.00000000000000000000
1860 5135 -7.78986835479736300000
41 11141 -5.61130142211914100000
1299 2484 -8.41781520843505900000
800 3517 -4.73400306701660200000
1273 8268 -1.60943794250488280000
248 7366 -5.32274484634399400000
16 5065 -0.00000000000000000000
59 6459 -4.00733327865600600000
66 1456 -8.24813652038574200000
335 263 -2.56494927406311040000
205 3527 -5.02168512344360350000
210 15 -2.07002234458923340000
106 10603 -4.13516664505004900000
5739 5741 -0.00000000000000000000
341 11872 -7.72046184539794900000
109 852 -6.52429628372192400000
27 2501 -7.72466754913330100000
205 9387 -5.95090293884277300000
1273 3829 -3.97029185295105000000
394 124 -9.29660987854003900000
263 7934 -5.26785802841186500000
151 8989 -9.06120204925537100000
358 5553 -8.99918746948242200000
210 3053 -3.35428047180175800000
145 6056 -10.08282566070556600000
1578 1582 -0.00000000000000000000
43 11172 -3.20882558822631840000
48 6645 -6.07189178466796900000
27 6612 -5.61495113372802700000
56 745 -6.40025758743286100000
74 3045 -2.79466462135314940000
255 3972 -7.12084865570068400000
1949 28 -0.00000000000000000000
392 3592 -5.01727962493896500000
7186 122 -0.00000000000000000000
3563 3576 -0.00000000000000000000
10 11344 -5.42934560775756800000
194 224 -5.97126197814941400000
1583 202 -0.00000000000000000000
169 12198 -6.52502965927124000000
130 8476 -3.64196252822875980000
109 1969 -8.09552288055420000000
106 100 -2.74887228012084960000
87 11997 -6.14766645431518550000
193 6179 -7.51787614822387700000
139 5545 -0.00000000000000000000
151 3674 -5.97380971908569300000
3825 3832 -0.00000000000000000000
40 9379 -0.69314718246459960000
1087 7615 -9.53388118743896500000
3076 3134 -5.24965238571167000000
151 3368 -3.36729574203491200000
187 15 -4.37260723114013700000
3 2586 -5.68866872787475600000
860 11131 -5.61130142211914100000
124 6612 -3.66904115676879900000
237 7024 -9.71667575836181600000
1041 3875 -1.66392612457275400000
281 5676 -4.49941253662109400000
137 3765 -6.65383052825927700000
174 224 -0.72195208072662350000
137 5239 -8.99745655059814500000
711 6720 -2.52572870254516600000
264 263 -3.25809645652771000000
116 11662 -9.81457424163818400000
103 7341 -9.15138626098632800000
1293 1295 -0.00000000000000000000
293 248 -9.28487110137939500000
6803 6802 -5.14749431610107400000
74 823 -4.37260723114013700000
1666 9201 -8.51809310913086000000
248 8930 -0.11778303235769272000
99 11172 -3.20882558822631840000
40 3980 -7.12084865570068400000
286 3061 -4.74057483673095700000
304 6954 -6.34651327133178700000
157 3128 -5.24965238571167000000
194 131 -7.41948032379150400000
30 8666 -9.97513389587402300000
11292 824 -0.00000000000000000000
70 6612 -5.61495113372802700000
83 11455 -5.79959774017334000000
47 6667 -5.37874460220336900000
185 6513 -0.00000000000000000000
150 10201 -3.66356158256530760000
8353 8352 -6.50802373886108400000
122 7001 -7.92491626739501950000
94 6612 -5.61495113372802700000
133 5882 -6.12730598449707000000
392 1208 -10.26550579071045000000
61 3012 -3.41538214683532700000
281 11299 -6.42567920684814450000
174 9317 -6.78389120101928700000
248 8182 -3.29583692550659200000
800 2757 -6.67013263702392600000
295 8526 -3.93182563781738300000
3390 397 -0.00000000000000000000
42 5750 -3.02042484283447270000
27 162 0.00000000000000000000
887 3989 -7.12084865570068400000
11232 11227 -5.64721202850341800000
311 3450 -8.82136344909668000000
281 93 -5.13836860656738300000
127 224 -6.80417108535766600000
18 11592 -2.19722461700439450000
108 15 -4.37260723114013700000
146 9230 -6.32086801528930700000
62 131 -5.15079689025878900000
74 12136 -4.52359867095947300000
11631 4466 -0.00000000000000000000
86 46 -8.60456275939941400000
313 124 -7.21716833114624000000
55 131 -8.51809310913086000000
27 380 0.00000000000000000000
711 8197 -3.98898410797119140000
3073 7912 -5.26785802841186500000
266 147 -0.09494550526142120000
867 6876 -8.35214805603027300000
712 5246 -8.99745655059814500000
1258 3262 -7.83794879913330100000
95 5882 -7.04359626770019500000
21 349 -6.89719963073730500000
326 302 -5.96100521087646500000
136 1017 -9.01274299621582000000
316 93 -8.19863986968994100000
265 124 -9.29660987854003900000
3 349 -4.06398630142211900000
68 224 -6.46769857406616200000
16 8542 -1.09861230850219730000
8271 4039 -0.00000000000000000000
3842 9197 -8.51809310913086000000
83 1771 -8.09327888488769500000
11644 115 -0.00000000000000000000
74 224 -3.48273849487304700000
306 12276 -6.68112373352050800000
12533 1871 -0.00000000000000000000
169 8938 -5.33513116836547850000
155 100 -2.52572870254516600000
1041 1163 -4.66154336929321300000
833 6543 -5.48893785476684600000
814 12153 -5.21674585342407200000
256 11942 -7.66749238967895500000
5063 5064 -0.00000000000000000000
55 224 -6.11102390289306600000
80 8575 -9.97513389587402300000
299 11262 -2.62103891372680660000
330 6364 -6.99782466888427700000
405 10208 -3.66356158256530760000
62 224 -4.80269098281860350000
711 3838 -2.67414855957031250000
66 7605 -10.92017555236816400000
679 10999 -11.78013706207275400000
1652 6588 -6.58755016326904300000
149 5454 -8.91045093536377000000
145 2230 -2.07944154739379900000
105 5088 -4.81624126434326200000
57 2578 -3.31418609619140620000
3890 7191 -6.17759847640991200000
74 131 -5.84394407272338900000
77 4038 -7.46189451217651400000
10587 4192 -0.00000000000000000000
689 5215 -0.69314718246459960000
27 7813 -6.39065980911254900000
299 6497 -5.35067272186279300000
3 3558 -4.06044292449951200000
169 4724 -6.18620872497558600000
149 7156 -6.69146299362182600000
57 7755 -1.09861230850219730000
248 12268 -2.63905739784240720000
12187 420 -0.00000000000000000000
515 1813 -10.39586448669433600000
50 10636 -5.31566619873046900000
1700 1698 -0.24469189345836640000
82 8748 -5.07829380035400400000
402 8212 -3.45394802093505860000
1021 6065 -8.69653129577636700000
151 1406 -7.14952421188354500000
134 178 -0.93826961517333980000
111 248 -11.23078155517578100000
188 124 -9.29660987854003900000
869 10629 -4.39937543869018550000
6456 58 -0.00000000000000000000
185 124 -4.36935615539550800000
10644 414 -0.00000000000000000000
67 6232 -10.08282566070556600000
184 4054 -5.15930938720703100000
145 11398 -3.73766970634460450000
40 6596 -2.77258872985839840000
1740 1273 -0.00000000000000000000
894 11554 -6.02344751358032200000
319 3469 -3.25809645652771000000
181 1655 -5.05783700942993200000
450 5684 -7.13847017288208000000
169 2051 -9.79498291015625000000
66 10619 -3.31418609619140620000
109 6923 -8.60346221923828100000
151 8946 -5.33513116836547850000
130 7316 -9.15138626098632800000
105 8212 -4.84024238586425800000
800 5809 -6.12730598449707000000
104 8003 -5.26785802841186500000
74 54 -5.59098720550537100000
241 240 -8.67590522766113300000
3 3516 -4.04085588455200200000
168 93 -7.68781375885009800000
2291 6780 -4.04888200759887700000
514 535 -9.02809906005859400000
266 1309 -0.81093019247055050000
77 11919 -8.22710800170898400000
201 240 -8.67590522766113300000
2219 2210 -5.37063789367675800000
69 248 -11.23078155517578100000
133 720 -4.60849809646606450000
259 3469 -3.25809645652771000000
18 3889 -3.54095935821533200000
127 54 -2.95192956924438480000
66 248 -6.45586824417114300000
248 8460 -5.43372201919555700000
67 248 -9.15133953094482400000
61 5792 -3.54095935821533200000
88 248 -7.17899656295776400000
61 6776 -5.14749431610107400000
2679 2730 -0.00000000000000000000
128 124 -4.10643482208251950000
107 11740 -9.81457424163818400000
151 1285 -3.90533399581909200000
228 2735 -0.09854941070079803000
364 3469 -3.25809645652771000000
151 9945 -6.38258504867553700000
5099 5105 -0.00000000000000000000
57 9308 -4.22683382034301800000
137 3658 -2.39029073715209960000
35 248 -4.40098762512207000000
3 5917 -4.26268005371093750000
39 248 -6.94032192230224600000
887 9534 -7.08296823501586900000
11169 4354 -0.00000000000000000000
277 6970 -7.03966045379638700000
57 248 -8.28634262084961000000
228 147 -5.20827102661132800000
5841 8657 -9.97513389587402300000
1299 7343 -7.07194471359252900000
2643 8488 -3.80666255950927730000
296 9113 -3.97029185295105000000
114 325 -1.09861230850219730000
814 9324 -4.70444965362548800000
131 7860 -7.08380699157714800000
219 124 -9.29660987854003900000
157 2385 -5.90399837493896500000
182 3302 -4.68444347381591800000
149 3574 -4.47733688354492200000
55 54 -5.59098720550537100000
696 9572 -6.22455835342407200000
21 9395 -5.05074167251586900000
1087 1086 -4.75409507751464800000
108 186 -2.91777062416076660000
1258 9608 -6.22455835342407200000
62 54 -3.98154902458190900000
134 240 -5.54041051864624000000
3506 10199 -3.66356158256530760000
9127 131 -0.00000000000000000000
15 2756 -6.67013263702392600000
149 1994 -7.71554183959960900000
2834 2885 -6.29889535903930700000
2324 6725 -5.84064149856567400000
205 147 -4.51512384414672850000
1021 7546 -10.22702789306640600000
56 666 -3.97968173027038570000
288 6521 -3.73766970634460450000
197 124 -7.28170680999755900000
404 224 -6.33416748046875000000
16 3625 -0.51082563400268550000
51 124 -5.18573617935180700000
8395 8376 -6.73116731643676800000
50 124 -4.87776899337768550000
210 836 -4.37260723114013700000
9 178 -0.57054483890533450000
164 5112 -7.09672117233276400000
11278 16 -0.00000000000000000000
576 8221 -5.53338956832885700000
83 10652 -1.87180221080780030000
657 566 -7.03834486007690400000
169 3584 -0.00000000000000000000
2634 12248 -8.15851593017578100000
696 3212 -7.14480161666870100000
296 131 -7.41948032379150400000
205 5827 -1.93765103816986080000
3472 5791 -4.92725372314453100000
711 2153 -5.01683807373046900000
3402 1 -0.00000000000000000000
3468 3459 -8.82136344909668000000
5 11196 -5.64721202850341800000
194 54 -5.59098720550537100000
57 2624 -1.79175949096679690000
249 248 -11.23078155517578100000
41 124 -5.65902376174926800000
196 248 -8.39756774902343800000
3529 40 -0.00000000000000000000
1087 5942 -3.10330462455749500000
5530 250 -0.00000000000000000000
193 248 -5.96809101104736300000
3718 3474 -0.00000000000000000000
37 6768 -5.14749431610107400000
29 124 -7.68717193603515600000
27 8915 -5.52288866043090800000
36 178 -3.13549423217773440000
450 6698 -6.93147182464599600000
207 248 -8.74587440490722700000
266 349 -0.01835849694907665300
298 5816 -7.33127880096435550000
149 9852 -8.78048038482666000000
21 147 -6.30688333511352500000
88 12214 -6.52502965927124000000
1272 5740 -0.69314718246459960000
18 7008 -8.33038139343261700000
147 325 -0.40546509623527527000
133 8518 -3.93182563781738300000
252 8034 -7.95366954803466800000
1274 327 -0.00000000000000000000
169 3790 -5.73753976821899400000
270 131 -7.82494544982910200000
187 186 -2.91777062416076660000
1021 5002 -7.81661844253540000000
5054 84 -0.00000000000000000000
13 124 -7.35069942474365200000
336 15 -4.37260723114013700000
1021 5933 -5.96550559997558600000
3 147 -2.62637209892272950000
292 2718 -4.96284484863281250000
8735 4288 -0.00000000000000000000
260 6830 -5.14749431610107400000
9808 9749 -5.91754865646362300000
248 9362 -1.79175949096679690000
8057 595 -0.00000000000000000000
383 131 -7.13179826736450200000
307 10038 -8.78048038482666000000
9798 9674 -3.56617355346679700000
160 248 -11.23078155517578100000
83 5124 -5.48728322982788100000
118 124 -0.32687708735466003000
36 240 -3.66526961326599100000
296 224 -7.72046184539794900000
169 248 -5.51211023330688500000
88 10446 -9.28487110137939500000
163 6567 -4.10264348983764650000
125 124 -5.83087396621704100000
82 3419 -8.82136344909668000000
151 3757 -6.65383052825927700000
177 248 -5.57129907608032200000
696 9936 -8.78048038482666000000
1087 8944 -3.72569346427917500000
27 271 0.00000000000000000000
83 93 -7.04595994949340800000
360 131 -8.51809310913086000000
210 186 -1.81915843486785890000
1252 8820 -6.77565145492553700000
1021 11423 -5.93489408493042000000
8744 364 -0.00000000000000000000
109 124 -5.86262273788452150000
9649 9648 -4.53125429153442400000
136 4708 -6.18620872497558600000
3117 8005 -5.26785802841186500000
1633 61 -0.00000000000000000000
130 10586 -0.40546509623527527000
281 8027 -6.85505771636962900000
9522 12 -0.00000000000000000000
289 2813 -9.10152912139892600000
137 248 -2.48486018180847170000
9 240 -0.03031847625970840500
136 248 -4.28814172744751000000
130 8888 -7.46879863739013700000
137 7837 -5.69751262664794900000
8026 82 -0.00000000000000000000
16 691 -0.69314718246459960000
145 248 -2.60536170005798340000
696 11032 -7.75147533416748050000
191 5050 -2.30258512496948240000
901 9046 -9.06120204925537100000
364 11180 -5.64721202850341800000
174 54 -0.28768208622932434000
151 248 -3.06073713302612300000
1666 5166 -7.59337425231933600000
153 248 -8.92819595336914000000
126 93 -9.29725170135498000000
224 2694 -4.96284484863281250000
156 248 -11.23078155517578100000
42 3081 -5.24965238571167000000
134 5019 -3.77849149703979500000
